以下是 台積電 相關的歷史數據紀錄

目前買入均價為：0
目前買入張數為：0
剩餘加碼張數為：5（3張現股+2張融資）

最近交易紀錄：

[台股台積電歷史股價]

日期,開盤價,最高價,最低價,收盤價,調整後的收盤價,成交量,股利,股票分割,漲跌
2025-10-01,1325.0,1350.0,1325.0,1325.0,1325.0,"33,837,323",0.0,0.0,
2025-10-02,1360.0,1370.0,1355.0,1365.0,1365.0,"29,593,487",0.0,0.0,40.0
2025-10-03,1365.0,1400.0,1365.0,1400.0,1400.0,"31,032,341",0.0,0.0,35.0
2025-10-07,1420.0,1445.0,1420.0,1435.0,1435.0,"38,395,572",0.0,0.0,35.0
2025-10-08,1410.0,1420.0,1405.0,1415.0,1415.0,"23,064,494",0.0,0.0,-20.0
2025-10-09,1440.0,1455.0,1430.0,1440.0,1440.0,"39,052,134",0.0,0.0,25.0
2025-10-13,1390.0,1420.0,1390.0,1415.0,1415.0,"53,850,992",0.0,0.0,-25.0
2025-10-14,1455.0,1460.0,1420.0,1425.0,1425.0,"39,889,256",0.0,0.0,10.0
2025-10-15,1435.0,1465.0,1425.0,1465.0,1465.0,"41,056,405",0.0,0.0,40.0
2025-10-16,1465.0,1495.0,1465.0,1485.0,1485.0,"37,737,678",0.0,0.0,20.0
2025-10-17,1455.0,1465.0,1450.0,1450.0,1450.0,"38,077,331",0.0,0.0,-35.0
2025-10-20,1460.0,1495.0,1455.0,1480.0,1480.0,"33,015,553",0.0,0.0,30.0
2025-10-21,1485.0,1500.0,1480.0,1480.0,1480.0,"34,601,251",0.0,0.0,0.0
2025-10-22,1460.0,1470.0,1455.0,1460.0,1460.0,"27,360,948",0.0,0.0,-20.0
2025-10-23,1440.0,1455.0,1435.0,1450.0,1450.0,"23,570,046",0.0,0.0,-10.0
2025-10-27,1500.0,1500.0,1480.0,1480.0,1480.0,"32,851,952",0.0,0.0,30.0
2025-10-28,1480.0,1490.0,1470.0,1475.0,1475.0,"28,381,919",0.0,0.0,-5.0
2025-10-29,1495.0,1515.0,1490.0,1505.0,1505.0,"30,631,103",0.0,0.0,30.0
2025-10-30,1515.0,1520.0,1500.0,1505.0,1505.0,"27,867,757",0.0,0.0,0.0

[台指期盤後]

Date,open,high,low,close,previousClose,spread
2025-03-31,20805,21133,20689,21088,21141,-53
2025-04-01,21237,21388,21061,21334,21088,246
2025-04-02,21300,21668,20808,20859,21334,-475
2025-04-07,17768,19299,17566,18406,20859,-2453
2025-04-08,18245,18845,17726,18050,18406,-356
2025-04-09,17336,18902,17015,18902,18050,852
2025-04-10,19682,19744,18384,18838,18902,-64
2025-04-11,19539,19588,19179,19527,18838,689
2025-04-14,19810,19890,19726,19790,19504,286
2025-04-16,19369,19448,19001,19148,19818,-670
2025-04-17,19351,19361,19313,19337,19365,-28
2025-04-18,19351,19400,19313,19368,19365,3
2025-04-21,19094,19141,18752,18870,19368,-498
2025-04-22,18888,19162,18810,19056,18870,186
2025-04-23,19566,19776,19511,19647,19056,591
2025-04-24,19446,19961,19354,19945,19647,298
2025-04-25,19889,20077,19751,20052,19945,107
2025-04-30,20183,20438,19921,20430,20154,276
2025-05-02,20652,20900,20624,20840,20430,410
2025-05-05,20424.0,20440.0,20139.0,20198.0,20840.0,-642.0
2025-05-06,20333.0,20435.0,20158.0,20247.0,20198.0,49.0
2025-05-08,20561.0,20822.0,20504.0,20680.0,20512.0,168.0
2025-05-09,20852.0,20883.0,20728.0,20794.0,20680.0,114.0
2025-05-12,21068.0,21505.0,21068.0,21485.0,20794.0,691.0
2025-05-14,21802.0,21889.0,21737.0,21818.0,21677.0,141.0
2025-05-15,21821.0,21930.0,21800.0,21894.0,21775.0,119.0
2025-05-16,21821.0,21930.0,21758.0,21828.0,21775.0,53.0
2025-05-19,21518.0,21773.0,21475.0,21750.0,21828.0,-78.0
2025-05-20,21535.0,21615.0,21494.0,21575.0,21750.0,-175.0
2025-05-21,21670.0,21725.0,21390.0,21478.0,21575.0,-97.0
2025-05-22,21508.0,21588.0,21333.0,21531.0,21478.0,53.0
2025-05-23,21449.0,21526.0,21072.0,21250.0,21531.0,-281.0
2025-05-26,21410.0,21435.0,21333.0,21399.0,21250.0,149.0
2025-05-27,21254.0,21303.0,21215.0,21269.0,21404.0,-135.0
2025-05-28,21254.0,21316.0,21192.0,21315.0,21404.0,-89.0
2025-05-29,21281.0,21285.0,20934.0,21061.0,21315.0,-254.0
2025-06-02,20881.0,21102.0,20830.0,21082.0,21061.0,21.0
2025-06-03,21496.0,21563.0,21453.0,21520.0,21217.0,303.0
2025-06-04,21496.0,21597.0,21453.0,21548.0,21217.0,331.0
2025-06-05,21577.0,21585.0,21534.0,21550.0,21530.0,20.0
2025-06-06,21577.0,21712.0,21534.0,21660.0,21530.0,130.0
2025-06-09,21750.0,21880.0,21721.0,21846.0,21660.0,186.0
2025-06-10,22129.0,22312.0,22096.0,22312.0,21846.0,466.0
2025-06-11,22363.0,22493.0,22311.0,22353.0,22312.0,41.0
2025-06-12,22236.0,22350.0,22135.0,22309.0,22353.0,-44.0
2025-06-13,21960.0,22146.0,21948.0,21991.0,22309.0,-318.0
2025-06-16,22061.0,22278.0,22036.0,22221.0,21991.0,230.0
2025-06-17,22144.0,22189.0,22028.0,22070.0,22221.0,-151.0
2025-06-18,21963.0,21990.0,21741.0,21853.0,22070.0,-217.0
2025-06-19,21679.0,21699.0,21466.0,21572.0,21853.0,-281.0
2025-06-20,21645.0,21789.0,21408.0,21460.0,21572.0,-112.0
2025-06-23,21481.0,21628.0,21350.0,21612.0,21460.0,152.0
2025-06-24,22010.0,22160.0,21927.0,22155.0,21612.0,543.0
2025-06-25,22150.0,22213.0,22106.0,22175.0,22155.0,20.0
2025-06-26,22124.0,22188.0,22009.0,22172.0,22175.0,-3.0
2025-06-27,22086.0,22218.0,22036.0,22132.0,22172.0,-40.0
2025-06-30,22138.0,22160.0,22013.0,22160.0,22132.0,28.0
2025-07-01,22350.0,22409.0,22219.0,22293.0,22160.0,133.0
2025-07-02,22390.0,22582.0,22281.0,22570.0,22293.0,277.0
2025-07-03,22713.0,22874.0,22652.0,22793.0,22570.0,223.0
2025-07-07,22312.0,22427.0,22177.0,22222.0,22355.0,-133.0
2025-07-09,22438.0,22568.0,22366.0,22468.0,22268.0,200.0
2025-07-10,22617.0,22695.0,22507.0,22583.0,22468.0,115.0
2025-07-11,22745.0,22752.0,22630.0,22637.0,22583.0,54.0
2025-07-14,22524.0,22612.0,22462.0,22560.0,22637.0,-77.0
2025-07-15,22829.0,22942.0,22814.0,22866.0,22560.0,306.0
2025-07-16,22888.0,22986.0,22810.0,22964.0,22866.0,98.0
2025-07-17,23327.0,23414.0,23250.0,23374.0,22964.0,410.0
2025-07-18,23279.0,23323.0,23177.0,23191.0,23374.0,-183.0
2025-07-21,23260.0,23395.0,23234.0,23253.0,23191.0,62.0
2025-07-22,23016.0,23047.0,22862.0,22987.0,23253.0,-266.0
2025-07-23,23197.0,23345.0,23153.0,23332.0,22987.0,345.0
2025-07-24,23303.0,23327.0,23188.0,23260.0,23332.0,-72.0
2025-07-25,23239.0,23368.0,23189.0,23344.0,23260.0,84.0
2025-07-28,23398.0,23400.0,23246.0,23317.0,23344.0,-27.0
2025-07-29,23200.0,23270.0,23132.0,23193.0,23317.0,-124.0
2025-07-30,23365.0,23444.0,23222.0,23417.0,23193.0,224.0
2025-07-31,23595.0,23683.0,23310.0,23344.0,23417.0,-73.0
2025-08-01,23297.0,23323.0,22979.0,23085.0,23344.0,-259.0
2025-08-04,23282.0,23432.0,23267.0,23420.0,23085.0,335.0
2025-08-05,23599.0,23622.0,23376.0,23398.0,23420.0,-22.0
2025-08-06,23416.0,23526.0,23291.0,23475.0,23398.0,77.0
2025-08-07,24001.0,24132.0,23930.0,24022.0,23475.0,547.0
2025-08-08,23927.0,24020.0,23905.0,24013.0,24022.0,-9.0
2025-08-11,24166.0,24194.0,24071.0,24088.0,24013.0,75.0
2025-08-12,24170.0,24328.0,24133.0,24315.0,24088.0,227.0
2025-08-13,24349.0,24440.0,24305.0,24344.0,24315.0,29.0
2025-08-14,24247.0,24319.0,24193.0,24296.0,24344.0,-48.0
2025-08-15,24320.0,24340.0,24138.0,24155.0,24296.0,-141.0
2025-08-18,24388.0,24439.0,24356.0,24415.0,24155.0,260.0
2025-08-19,24350.0,24380.0,24211.0,24217.0,24415.0,-198.0
2025-08-20,23661.0,23758.0,23531.0,23715.0,24217.0,-502.0
2025-08-21,23870.0,23929.0,23754.0,23800.0,23715.0,85.0
2025-08-22,23720.0,24123.0,23717.0,24115.0,23800.0,315.0
2025-08-25,24230.0,24258.0,24139.0,24180.0,24115.0,65.0
2025-08-26,24242.0,24357.0,24189.0,24356.0,24180.0,176.0
2025-08-27,24473.0,24488.0,24318.0,24351.0,24356.0,-5.0
2025-08-28,24268.0,24443.0,24256.0,24414.0,24351.0,63.0
2025-08-29,24250.0,24284.0,24033.0,24061.0,24414.0,-353.0
2025-09-02,24009.0,24022.0,23691.0,23940.0,24085.0,-145.0
2025-09-03,24020.0,24188.0,23977.0,24129.0,23940.0,189.0
2025-09-04,24125.0,24338.0,24120.0,24335.0,24129.0,206.0
2025-09-05,24440.0,24549.0,24288.0,24478.0,24335.0,143.0
2025-09-08,24570.0,24720.0,24562.0,24712.0,24478.0,234.0
2025-09-09,24809.0,24977.0,24750.0,24977.0,24712.0,265.0
2025-09-10,25193.0,25475.0,25165.0,25361.0,24977.0,384.0
2025-09-11,25259.0,25446.0,25255.0,25409.0,25361.0,48.0
2025-09-12,25428.0,25439.0,25319.0,25378.0,25409.0,-31.0
2025-09-15,25371.0,25449.0,25284.0,25428.0,25378.0,50.0
2025-09-16,25620.0,25649.0,25504.0,25554.0,25428.0,126.0
2025-09-17,25474.0,25635.0,25349.0,25553.0,25554.0,-1.0
2025-09-18,25707.0,25888.0,25594.0,25841.0,25553.0,288.0
2025-09-19,25667.0,25757.0,25642.0,25737.0,25841.0,-104.0
2025-09-22,25864.0,26106.0,25792.0,26070.0,25737.0,333.0
2025-09-23,26263.0,26544.0,26245.0,26416.0,26070.0,346.0
2025-09-24,26231.0,26296.0,26108.0,26198.0,26416.0,-218.0
2025-09-25,26065.0,26094.0,25845.0,26012.0,26198.0,-186.0
2025-09-26,25650.0,25792.0,25566.0,25742.0,26012.0,-270.0
2025-09-30,25948.0,26161.0,25913.0,26130.0,25742.0,388.0
2025-10-01,25982.0,26445.0,25920.0,26421.0,26130.0,291.0
2025-10-02,26428.0,26607.0,26365.0,26427.0,26421.0,6.0
2025-10-03,26769.0,26845.0,26632.0,26680.0,26427.0,253.0
2025-10-07,27291.0,27396.0,27007.0,27040.0,26680.0,360.0
2025-10-08,27025.0,27440.0,27000.0,27420.0,27040.0,380.0
2025-10-09,27342.0,27396.0,27059.0,27108.0,27420.0,-312.0
2025-10-13,26920.0,27280.0,26888.0,27250.0,27108.0,142.0
2025-10-14,26740.0,27027.0,26500.0,26783.0,27250.0,-467.0
2025-10-15,27329.0,27565.0,27230.0,27478.0,26783.0,695.0
2025-10-16,27782.0,27814.0,27446.0,27492.0,27478.0,14.0
2025-10-17,27265.0,27489.0,27037.0,27453.0,27492.0,-39.0
2025-10-20,27818.0,27952.0,27703.0,27847.0,27453.0,394.0
2025-10-21,27826.0,27948.0,27705.0,27733.0,27847.0,-114.0
2025-10-22,27732.0,27738.0,27311.0,27399.0,27733.0,-334.0
2025-10-23,27620.0,27804.0,27496.0,27742.0,27399.0,343.0
2025-10-27,28236.0,28320.0,28065.0,28310.0,27742.0,568.0
2025-10-28,27988.0,28258.0,27953.0,28215.0,28310.0,-95.0
2025-10-29,28443.0,28525.0,28261.0,28365.0,28215.0,150.0
2025-10-30,28380.0,28438.0,28200.0,28290.0,28365.0,-75.0

[台積電期貨盤後]

Date,open,high,low,close,previousClose,spread
2025-03-31,915,934,908,933,926,7
2025-04-01,944,950,934,946,933,13
2025-04-02,943,962,917,920,946,-26
2025-04-07,771,842,764,793,920,-127
2025-04-08,816,847,787,802,793,9
2025-04-09,800,858,768,858,802,56
2025-04-10,869,870,827,844,858,-14
2025-04-11,874,888,865,883,844,39
2025-04-14,877,879,873,875,869,6
2025-04-16,854,859,835,843,880,-37
2025-04-17,851,851,850,851,854,-3
2025-04-18,851,853,850,852,854,-2
2025-04-21,833,838,819,825,852,-27
2025-04-22,823,837,819,835,825,10
2025-04-23,871,880,866,871,835,36
2025-04-24,859,894,855,894,871,23
2025-04-25,887,903,885,898,894,4
2025-04-30,907,932,894,931,898,33
2025-05-02,944,949,936,944,931,13
2025-05-05,925.0,928.0,907.0,913.0,944.0,-31.0
2025-05-06,908.0,914.0,900.0,907.0,913.0,-6.0
2025-05-08,926.0,938.0,918.0,929.0,927.0,2.0
2025-05-09,948.0,950.0,940.0,941.0,929.0,12.0
2025-05-12,972.0,979.0,969.0,977.0,941.0,36.0
2025-05-14,996.0,1010.0,996.0,1000.0,972.0,28.0
2025-05-15,999.0,1005.0,998.0,1000.0,997.0,3.0
2025-05-16,999.0,1005.0,995.0,996.0,997.0,-1.0
2025-05-19,985.0,997.0,980.0,996.0,996.0,0.0
2025-05-20,983.0,986.0,981.0,982.0,996.0,-14.0
2025-05-21,989.0,994.0,978.0,981.0,982.0,-1.0
2025-05-22,977.0,991.0,970.0,991.0,981.0,10.0
2025-05-23,981.0,983.0,960.0,968.0,991.0,-23.0
2025-05-26,975.0,975.0,973.0,974.0,968.0,6.0
2025-05-27,970.0,975.0,970.0,974.0,980.0,-6.0
2025-05-28,970.0,977.0,969.0,977.0,980.0,-3.0
2025-05-29,970.0,975.0,964.0,967.0,977.0,-10.0
2025-06-02,949.0,958.0,946.0,958.0,967.0,-9.0
2025-06-03,991.0,995.0,989.0,991.0,967.0,24.0
2025-06-04,991.0,995.0,987.0,994.0,967.0,27.0
2025-06-05,994.0,994.0,993.0,994.0,994.0,0.0
2025-06-06,994.0,1000.0,993.0,997.0,994.0,3.0
2025-06-09,1010.0,1015.0,1005.0,1010.0,997.0,13.0
2025-06-10,1040.0,1055.0,1040.0,1050.0,1010.0,40.0
2025-06-11,1065.0,1070.0,1055.0,1060.0,1050.0,10.0
2025-06-12,1040.0,1050.0,1035.0,1050.0,1060.0,-10.0
2025-06-13,1030.0,1040.0,1025.0,1025.0,1050.0,-25.0
2025-06-16,1025.0,1045.0,1025.0,1045.0,1025.0,20.0
2025-06-17,1040.0,1045.0,1035.0,1035.0,1045.0,-10.0
2025-06-18,1045.0,1045.0,1035.0,1045.0,1035.0,10.0
2025-06-19,1030.0,1030.0,1020.0,1030.0,1045.0,-15.0
2025-06-20,1050.0,1055.0,1030.0,1035.0,1030.0,5.0
2025-06-23,1025.0,1035.0,1020.0,1035.0,1035.0,0.0
2025-06-24,1045.0,1065.0,1045.0,1060.0,1035.0,25.0
2025-06-25,1065.0,1075.0,1065.0,1070.0,1060.0,10.0
2025-06-26,1065.0,1070.0,1060.0,1070.0,1070.0,0.0
2025-06-27,1065.0,1080.0,1065.0,1075.0,1070.0,5.0
2025-06-30,1065.0,1075.0,1060.0,1075.0,1075.0,0.0
2025-07-01,1085.0,1085.0,1065.0,1075.0,1075.0,0.0
2025-07-02,1080.0,1100.0,1075.0,1100.0,1075.0,25.0
2025-07-03,1095.0,1110.0,1090.0,1100.0,1100.0,0.0
2025-07-07,1080.0,1085.0,1070.0,1075.0,1080.0,-5.0
2025-07-09,1090.0,1095.0,1085.0,1095.0,1075.0,20.0
2025-07-10,1095.0,1100.0,1085.0,1090.0,1095.0,-5.0
2025-07-11,1095.0,1100.0,1090.0,1095.0,1090.0,5.0
2025-07-14,1095.0,1095.0,1085.0,1095.0,1095.0,0.0
2025-07-15,1115.0,1130.0,1115.0,1125.0,1095.0,30.0
2025-07-16,1125.0,1135.0,1125.0,1135.0,1125.0,10.0
2025-07-17,1165.0,1170.0,1155.0,1160.0,1135.0,25.0
2025-07-18,1155.0,1160.0,1140.0,1145.0,1160.0,-15.0
2025-07-21,1145.0,1160.0,1145.0,1150.0,1145.0,5.0
2025-07-22,1130.0,1135.0,1120.0,1135.0,1150.0,-15.0
2025-07-23,1145.0,1155.0,1140.0,1155.0,1135.0,20.0
2025-07-24,1145.0,1160.0,1140.0,1160.0,1155.0,5.0
2025-07-25,1150.0,1165.0,1145.0,1165.0,1160.0,5.0
2025-07-28,1145.0,1150.0,1145.0,1150.0,1165.0,-15.0
2025-07-29,1140.0,1150.0,1140.0,1145.0,1150.0,-5.0
2025-07-30,1150.0,1160.0,1145.0,1160.0,1145.0,15.0
2025-07-31,1170.0,1170.0,1150.0,1155.0,1160.0,-5.0
2025-08-01,1135.0,1135.0,1120.0,1125.0,1155.0,-30.0
2025-08-04,1135.0,1145.0,1130.0,1145.0,1125.0,20.0
2025-08-05,1145.0,1150.0,1125.0,1135.0,1145.0,-10.0
2025-08-06,1125.0,1130.0,1120.0,1130.0,1135.0,-5.0
2025-08-07,1185.0,1195.0,1180.0,1185.0,1130.0,55.0
2025-08-08,1175.0,1180.0,1170.0,1180.0,1185.0,-5.0
2025-08-11,1180.0,1190.0,1180.0,1185.0,1180.0,5.0
2025-08-12,1180.0,1190.0,1180.0,1185.0,1185.0,0.0
2025-08-13,1200.0,1205.0,1185.0,1190.0,1185.0,5.0
2025-08-14,1180.0,1185.0,1175.0,1180.0,1190.0,-10.0
2025-08-15,1185.0,1185.0,1170.0,1170.0,1180.0,-10.0
2025-08-18,1175.0,1185.0,1175.0,1180.0,1170.0,10.0
2025-08-19,1185.0,1185.0,1165.0,1165.0,1180.0,-15.0
2025-08-20,1145.0,1150.0,1130.0,1145.0,1165.0,-20.0
2025-08-21,1150.0,1155.0,1145.0,1150.0,1145.0,5.0
2025-08-22,1145.0,1165.0,1145.0,1160.0,1150.0,10.0
2025-08-25,1170.0,1180.0,1165.0,1170.0,1160.0,10.0
2025-08-26,1175.0,1190.0,1175.0,1185.0,1170.0,15.0
2025-08-27,1190.0,1195.0,1180.0,1185.0,1185.0,0.0
2025-08-28,1170.0,1185.0,1165.0,1185.0,1185.0,0.0
2025-08-29,1160.0,1170.0,1150.0,1150.0,1185.0,-35.0
2025-09-02,1160.0,1160.0,1135.0,1150.0,1165.0,-15.0
2025-09-03,1165.0,1170.0,1160.0,1165.0,1150.0,15.0
2025-09-04,1165.0,1175.0,1160.0,1175.0,1165.0,10.0
2025-09-05,1180.0,1195.0,1175.0,1195.0,1175.0,20.0
2025-09-08,1185.0,1205.0,1185.0,1205.0,1195.0,10.0
2025-09-09,1205.0,1225.0,1200.0,1220.0,1205.0,15.0
2025-09-10,1230.0,1255.0,1230.0,1245.0,1220.0,25.0
2025-09-11,1245.0,1260.0,1245.0,1250.0,1245.0,5.0
2025-09-12,1260.0,1260.0,1255.0,1255.0,1250.0,5.0
2025-09-15,1250.0,1265.0,1250.0,1265.0,1255.0,10.0
2025-09-16,1285.0,1285.0,1270.0,1270.0,1265.0,5.0
2025-09-17,1270.0,1285.0,1265.0,1280.0,1270.0,10.0
2025-09-18,1290.0,1300.0,1265.0,1295.0,1280.0,15.0
2025-09-19,1275.0,1285.0,1275.0,1280.0,1295.0,-15.0
2025-09-22,1290.0,1325.0,1290.0,1315.0,1280.0,35.0
2025-09-23,1350.0,1380.0,1345.0,1365.0,1315.0,50.0
2025-09-24,1345.0,1350.0,1340.0,1350.0,1365.0,-15.0
2025-09-25,1325.0,1330.0,1305.0,1325.0,1350.0,-25.0
2025-09-26,1300.0,1315.0,1300.0,1315.0,1325.0,-10.0
2025-09-30,1320.0,1330.0,1320.0,1330.0,1315.0,15.0
2025-10-01,1335.0,1370.0,1335.0,1365.0,1330.0,35.0
2025-10-02,1375.0,1390.0,1365.0,1365.0,1365.0,0.0
2025-10-03,1405.0,1415.0,1395.0,1400.0,1365.0,35.0
2025-10-07,1445.0,1455.0,1415.0,1420.0,1400.0,20.0
2025-10-08,1420.0,1455.0,1415.0,1450.0,1420.0,30.0
2025-10-09,1440.0,1445.0,1425.0,1435.0,1450.0,-15.0
2025-10-13,1420.0,1450.0,1420.0,1445.0,1435.0,10.0
2025-10-14,1420.0,1435.0,1400.0,1425.0,1445.0,-20.0
2025-10-15,1485.0,1495.0,1460.0,1475.0,1425.0,50.0
2025-10-16,1485.0,1495.0,1460.0,1465.0,1475.0,-10.0
2025-10-17,1435.0,1460.0,1430.0,1455.0,1465.0,-10.0
2025-10-20,1485.0,1495.0,1475.0,1475.0,1455.0,20.0
2025-10-21,1485.0,1490.0,1470.0,1470.0,1475.0,-5.0
2025-10-22,1455.0,1465.0,1430.0,1440.0,1470.0,-30.0
2025-10-23,1455.0,1465.0,1450.0,1465.0,1440.0,25.0
2025-10-27,1490.0,1495.0,1480.0,1495.0,1465.0,30.0
2025-10-28,1480.0,1500.0,1480.0,1500.0,1495.0,5.0
2025-10-29,1510.0,1520.0,1500.0,1510.0,1500.0,10.0
2025-10-30,1510.0,1515.0,1500.0,1510.0,1510.0,0.0

[美股台積電ADR歷史股價]

日期,開盤價,最高價,最低價,收盤價,調整後的收盤價,成交量,股利,股票分割,漲跌
2025-10-01,278.44,290.48,277.17,288.47,288.47,"14,620,100",0.0,0.0,
2025-10-02,296.52,296.72,287.03,288.11,288.11,"10,198,000",0.0,0.0,-0.36
2025-10-03,292.86,296.06,290.49,292.19,292.19,"10,572,500",0.0,0.0,4.08
2025-10-06,300.01,307.3,299.94,302.4,302.4,"15,785,000",0.0,0.0,10.21
2025-10-07,306.62,307.1,293.28,294.03,294.03,"13,081,000",0.0,0.0,-8.37
2025-10-08,295.0,306.4,293.98,304.52,304.52,"12,821,200",0.0,0.0,10.49
2025-10-09,302.31,302.83,297.42,299.88,299.88,"10,259,900",0.0,0.0,-4.64
2025-10-10,299.96,300.2,280.33,280.66,280.66,"23,398,000",0.0,0.0,-19.22
2025-10-13,298.24,304.63,292.32,302.89,302.89,"20,318,300",0.0,0.0,22.23
2025-10-14,295.63,301.75,291.34,295.94,295.94,"16,567,900",0.0,0.0,-6.95
2025-10-15,306.29,306.61,300.07,304.71,304.71,"20,788,000",0.0,0.0,8.77
2025-10-16,310.93,311.37,296.69,299.84,299.84,"26,341,500",0.0,0.0,-4.87
2025-10-17,298.4,303.3,294.92,295.08,295.08,"17,633,300",0.0,0.0,-4.76
2025-10-20,300.0,303.65,297.06,297.7,297.7,"13,391,600",0.0,0.0,2.62
2025-10-21,299.0,299.37,293.66,294.51,294.51,"11,190,500",0.0,0.0,-3.19
2025-10-22,293.0,295.2,284.4,288.88,288.88,"15,409,100",0.0,0.0,-5.63
2025-10-23,289.8,294.09,289.63,290.73,290.73,"10,379,900",0.0,0.0,1.85
2025-10-24,295.57,297.95,294.39,294.96,294.96,"8,747,000",0.0,0.0,4.23
2025-10-27,298.65,300.48,293.69,298.25,298.25,"13,615,000",0.0,0.0,3.29
2025-10-28,298.32,302.13,296.08,301.53,301.53,"11,804,200",0.0,0.0,3.28
2025-10-29,305.8,307.96,302.38,305.09,305.09,"16,177,300",0.0,0.0,3.56
2025-10-30,303.08,307.3,300.82,303.22,303.22,"14,436,966",0.0,0.0,-1.87

[NASDAQ指數]

日期,開盤價,最高價,最低價,收盤價,調整後的收盤價,成交量,股利,股票分割,漲跌
2025-10-01,22530.95,22782.58,22516.74,22755.16,22755.16,"10,043,980,000",0.0,0.0,
2025-10-02,22885.9,22900.6,22729.75,22844.05,22844.05,"9,633,200,000",0.0,0.0,88.89
2025-10-03,22886.16,22925.43,22695.82,22780.51,22780.51,"10,515,730,000",0.0,0.0,-63.54
2025-10-06,22894.35,22991.72,22827.56,22941.67,22941.67,"10,468,830,000",0.0,0.0,161.16
2025-10-07,22972.37,23006.07,22718.76,22788.36,22788.36,"10,375,920,000",0.0,0.0,-153.31
2025-10-08,22852.32,23045.14,22845.42,23043.38,23043.38,"10,925,520,000",0.0,0.0,255.02
2025-10-09,23045.33,23062.62,22899.16,23024.63,23024.63,"10,713,200,000",0.0,0.0,-18.75
2025-10-10,23043.52,23119.91,22193.07,22204.43,22204.43,"11,635,030,000",0.0,0.0,-820.2
2025-10-13,22578.67,22718.75,22499.49,22694.61,22694.61,"9,018,770,000",0.0,0.0,490.18
2025-10-14,22388.04,22691.07,22213.73,22521.7,22521.7,"9,776,720,000",0.0,0.0,-172.91
2025-10-15,22738.5,22841.69,22427.79,22670.08,22670.08,"11,374,850,000",0.0,0.0,148.38
2025-10-16,22764.4,22886.87,22404.69,22562.54,22562.54,"11,343,620,000",0.0,0.0,-107.54
2025-10-17,22489.81,22736.01,22396.65,22679.97,22679.97,"9,552,150,000",0.0,0.0,117.43
2025-10-20,22844.82,23031.87,22841.0,22990.54,22990.54,"9,440,620,000",0.0,0.0,310.57
2025-10-21,22984.55,23010.35,22894.42,22953.67,22953.67,"10,845,130,000",0.0,0.0,-36.87
2025-10-22,22940.79,22978.4,22514.08,22740.4,22740.4,"14,361,150,000",0.0,0.0,-213.27
2025-10-23,22751.33,22983.46,22732.18,22941.8,22941.8,"10,363,600,000",0.0,0.0,201.4
2025-10-24,23143.23,23261.26,23127.96,23204.87,23204.87,"10,308,620,000",0.0,0.0,263.07
2025-10-27,23537.32,23658.66,23493.96,23637.46,23637.46,"10,757,830,000",0.0,0.0,432.59
2025-10-28,23766.46,23901.36,23675.19,23827.49,23827.49,"10,640,830,000",0.0,0.0,190.03
2025-10-29,23987.29,24019.99,23763.99,23958.47,23958.47,"10,089,540,000",0.0,0.0,130.98
2025-10-30,23793.08,23846.13,23578.47,23581.14,23581.14,"9,603,591,000",0.0,0.0,-377.33

[費城半導體指數]

日期,開盤價,最高價,最低價,收盤價,調整後的收盤價,成交量,股利,股票分割,漲跌
2025-10-01,6321.8,6507.03,6317.79,6500.28,6500.28,0,0.0,0.0,
2025-10-02,6633.37,6643.71,6573.1,6626.38,6626.38,0,0.0,0.0,126.1
2025-10-03,6655.07,6683.44,6547.4,6583.74,6583.74,0,0.0,0.0,-42.64
2025-10-06,6852.72,6881.91,6773.26,6774.06,6774.06,0,0.0,0.0,190.32
2025-10-07,6837.67,6847.51,6622.63,6634.76,6634.76,0,0.0,0.0,-139.3
2025-10-08,6625.29,6867.09,6624.07,6860.2,6860.2,0,0.0,0.0,225.44
2025-10-09,6845.39,6869.08,6776.83,6840.2,6840.2,0,0.0,0.0,-20.0
2025-10-10,6853.43,6867.86,6403.24,6407.6,6407.6,0,0.0,0.0,-432.6
2025-10-13,6662.89,6742.37,6612.88,6723.47,6723.47,0,0.0,0.0,315.87
2025-10-14,6582.33,6706.45,6532.74,6570.33,6570.33,0,0.0,0.0,-153.14
2025-10-15,6723.01,6780.73,6632.14,6767.06,6767.06,0,0.0,0.0,196.73
2025-10-16,6848.22,6880.57,6727.96,6800.02,6800.02,0,0.0,0.0,32.96
2025-10-17,6742.03,6812.28,6673.58,6777.98,6777.98,0,0.0,0.0,-22.04
2025-10-20,6858.63,6935.65,6855.18,6885.03,6885.03,0,0.0,0.0,107.05
2025-10-21,6864.24,6875.73,6793.12,6839.27,6839.27,0,0.0,0.0,-45.76
2025-10-22,6764.44,6819.84,6547.37,6677.57,6677.57,0,0.0,0.0,-161.7
2025-10-23,6648.33,6861.46,6648.33,6847.39,6847.39,0,0.0,0.0,169.82
2025-10-24,6970.16,7021.38,6961.16,6976.94,6976.94,0,0.0,0.0,129.55
2025-10-27,7103.56,7175.53,7083.1,7167.98,7167.98,0,0.0,0.0,191.04
2025-10-28,7158.16,7223.77,7136.38,7194.71,7194.71,0,0.0,0.0,26.73
2025-10-29,7342.54,7392.64,7257.82,7327.93,7327.93,0,0.0,0.0,133.22
2025-10-30,7283.09,7351.05,7213.4,7216.0,7216.0,0,0.0,0.0,-111.93

[美金兌換台幣匯率]

日期,本行買入（外資進場買股，數值越高越利多）,本行賣出（外資撤資賣股，數值越高越利空）
2025-07-01,29.105,29.205
2025-07-02,28.95,29.05
2025-07-03,28.76,28.86
2025-07-04,28.875,28.975
2025-07-07,28.98,29.08
2025-07-08,29.015,29.115
2025-07-09,29.1,29.2
2025-07-10,29.185,29.285
2025-07-11,29.15,29.25
2025-07-14,29.24,29.34
2025-07-15,29.225,29.325
2025-07-16,29.365,29.465
2025-07-17,29.36,29.46
2025-07-18,29.35,29.45
2025-07-21,29.365,29.465
2025-07-22,29.39,29.49
2025-07-23,29.305,29.405
2025-07-24,29.345,29.445
2025-07-25,29.38,29.48
2025-07-28,29.47,29.57
2025-07-29,29.655,29.755
2025-07-30,29.655,29.755
2025-07-31,29.82,29.92
2025-08-01,29.965,30.065
2025-08-04,29.85,29.95
2025-08-05,29.87,29.97
2025-08-06,29.93,30.03
2025-08-07,29.74,29.84
2025-08-08,29.79,29.89
2025-08-11,29.865,29.965
2025-08-12,29.965,30.065
2025-08-13,29.895,29.995
2025-08-14,29.925,30.025
2025-08-15,29.94,30.04
2025-08-18,29.995,30.095
2025-08-19,30.06,30.16
2025-08-20,30.25,30.35
2025-08-21,30.45,30.55
2025-08-22,30.535,30.635
2025-08-25,30.385,30.485
2025-08-26,30.49,30.59
2025-08-27,30.52,30.62
2025-08-28,30.53,30.63
2025-08-29,30.54,30.64
2025-09-01,30.565,30.665
2025-09-02,30.625,30.725
2025-09-03,30.665,30.765
2025-09-04,30.645,30.745
2025-09-05,30.515,30.615
2025-09-08,30.445,30.545
2025-09-09,30.3,30.4
2025-09-10,30.22,30.32
2025-09-11,30.255,30.355
2025-09-12,30.165,30.265
2025-09-15,30.155,30.255
2025-09-16,30.015,30.115
2025-09-17,29.99,30.09
2025-09-18,30.025,30.125
2025-09-19,30.16,30.26
2025-09-22,30.195,30.295
2025-09-23,30.23,30.33
2025-09-24,30.26,30.36
2025-09-25,30.38,30.48
2025-09-26,30.465,30.565
2025-09-30,30.395,30.495
2025-10-01,30.39,30.49
2025-10-02,30.36,30.46
2025-10-03,30.31,30.41
2025-10-07,30.465,30.565
2025-10-08,30.48,30.58
2025-10-09,30.48,30.58
2025-10-13,30.645,30.745
2025-10-14,30.705,30.805
2025-10-15,30.575,30.675
2025-10-16,30.585,30.685
2025-10-17,30.61,30.71
2025-10-20,30.575,30.675
2025-10-21,30.625,30.725
2025-10-22,30.67,30.77
2025-10-23,30.755,30.855
2025-10-27,30.65,30.75
2025-10-28,30.57,30.67
2025-10-29,30.565,30.665
2025-10-30,30.64,30.74

[台股外資空單口數]

日期,外資空單口數
2025-03-24,-36061
2025-03-25,-31880
2025-03-26,-33016
2025-03-27,-36414
2025-03-28,-36697
2025-03-31,-29313
2025-04-01,-29385
2025-04-02,-24285
2025-04-07,-25151
2025-04-08,-30077
2025-04-09,-27871
2025-04-10,-22650
2025-04-11,-23548
2025-04-14,-23883
2025-04-16,-28725
2025-04-17,-29870
2025-04-18,-29062
2025-04-21,-26570
2025-04-22,-27131
2025-04-23,-27745
2025-04-24,-27358
2025-04-25,-23698
2025-04-30,-22730
2025-05-02,-22913
2025-05-05,-26159
2025-05-06,-31157
2025-05-08,-30020
2025-05-09,-33271
2025-05-12,-36747
2025-05-14,-36283
2025-05-15,-37208
2025-05-16,-37207
2025-05-19,-37713
2025-05-20,-37844
2025-05-21,-38846
2025-05-22,-40656
2025-05-23,-40117
2025-05-26,-41757
2025-05-27,-43507
2025-05-28,-43204
2025-05-29,-47014
2025-06-02,-45393
2025-06-03,-39470
2025-06-04,-37165
2025-06-05,-37098
2025-06-06,-38541
2025-06-09,-38587
2025-06-10,-37131
2025-06-11,-35730
2025-06-12,-38976
2025-06-13,-42000
2025-06-16,-41036
2025-06-17,-41401
2025-06-18,-45050
2025-06-19,-45386
2025-06-20,-44461
2025-06-23,-43797
2025-06-24,-43493
2025-06-25,-45816
2025-06-26,-48788
2025-06-27,-52681
2025-06-30,-52001
2025-07-01,-52517
2025-07-02,-54946
2025-07-03,-51157
2025-07-07,-56788
2025-07-09,-58711
2025-07-10,-56368
2025-07-14,-59873
2025-07-15,-55352
2025-07-16,-53396
2025-07-17,-52217
2025-07-18,-48010
2025-07-21,-46556
2025-07-22,-44594
2025-07-23,-47841
2025-07-24,-47930
2025-07-25,-47417
2025-07-28,-44979
2025-07-29,-40876
2025-07-30,-37831
2025-07-31,-33644
2025-08-01,-39537
2025-08-04,-39080
2025-08-05,-35329
2025-08-06,-36380
2025-08-07,-34789
2025-08-08,-37590
2025-08-11,-35575
2025-08-12,-35302
2025-08-13,-33570
2025-08-14,-34379
2025-08-15,-34207
2025-08-18,-29626
2025-08-19,-32633
2025-08-20,-35143
2025-08-21,-30387
2025-08-22,-26735
2025-08-25,-25609
2025-08-26,-27132
2025-08-27,-24771
2025-08-28,-26087
2025-08-29,-26309
2025-09-02,-24295
2025-09-03,-24788
2025-09-04,-23503
2025-09-05,-21304
2025-09-08,-21999
2025-09-09,-18792
2025-09-10,-17813
2025-09-11,-16317
2025-09-12,-18558
2025-09-15,-18896
2025-09-16,-18244
2025-09-17,-18862
2025-09-18,-18552
2025-09-19,-17603
2025-09-22,-17239
2025-09-23,-16200
2025-09-24,-19917
2025-09-25,-21779
2025-09-26,-25119
2025-09-30,-21930
2025-10-01,-22349
2025-10-02,-23187
2025-10-03,-20852
2025-10-07,-23701
2025-10-08,-30405
2025-10-09,-28752
2025-10-13,-33061
2025-10-14,-27444
2025-10-15,-21671
2025-10-16,-22035
2025-10-17,-25586
2025-10-20,-25251
2025-10-21,-23282
2025-10-22,-26095
2025-10-23,-24307
2025-10-27,-24211
2025-10-28,-27454
2025-10-29,-24421
2025-10-30,-24746

[融資券數]

日期,當日融資餘額,前一日融資餘額,當日融券餘額,前一日融券餘額
2025-10-01,"14,830","15,106",167,145
2025-10-02,"14,787","14,830",250,167
2025-10-03,"14,456","14,787",320,250
2025-10-07,"15,151","14,456",339,320
2025-10-08,"15,358","15,151",324,339
2025-10-09,"15,925","15,358",338,324
2025-10-13,"17,055","15,925",365,338
2025-10-14,"16,620","17,055",448,365
2025-10-15,"17,343","16,620",458,448
2025-10-16,"18,511","17,343",397,458
2025-10-17,"17,984","18,511",391,397
2025-10-20,"17,316","17,984",408,391
2025-10-21,"16,855","17,316",406,408
2025-10-22,"17,365","16,855",383,406
2025-10-23,"17,017","17,365",387,383
2025-10-27,"17,011","17,017",377,387
2025-10-28,"16,854","17,011",368,377
2025-10-29,"16,704","16,854",359,368
2025-10-30,"16,292","16,704",360,359

[法人買賣超]

日期,買進股數,法人類型,賣出股數,淨買賣
2025-10-01,0,外資自營商,0,0
2025-10-01,"1,123,966",自營商（自行買賣）,"168,183","955,783"
2025-10-01,"466,761",自營商（避險）,"288,630","178,131"
2025-10-01,"23,456,408",外陸資,"15,008,385","8,448,023"
2025-10-01,"746,000",投信,"259,163","486,837"
2025-10-02,0,外資自營商,0,0
2025-10-02,"1,645,501",自營商（自行買賣）,"52,000","1,593,501"
2025-10-02,"379,510",自營商（避險）,"68,063","311,447"
2025-10-02,"18,271,987",外陸資,"11,347,092","6,924,895"
2025-10-02,"291,597",投信,"289,300","2,297"
2025-10-03,0,外資自營商,0,0
2025-10-03,"746,213",自營商（自行買賣）,"25,000","721,213"
2025-10-03,"511,887",自營商（避險）,"337,094","174,793"
2025-10-03,"14,438,323",外陸資,"13,575,665","862,658"
2025-10-03,"64,000",投信,"475,908","-411,908"
2025-10-07,0,外資自營商,0,0
2025-10-07,"1,856,700",自營商（自行買賣）,"250,000","1,606,700"
2025-10-07,"755,281",自營商（避險）,"18,299","736,982"
2025-10-07,"18,053,314",外陸資,"30,279,123","-12,225,809"
2025-10-07,"436,000",投信,"459,500","-23,500"
2025-10-08,0,外資自營商,0,0
2025-10-08,"1,375,500",自營商（自行買賣）,"210,005","1,165,495"
2025-10-08,"548,950",自營商（避險）,"107,187","441,763"
2025-10-08,"9,865,139",外陸資,"19,775,403","-9,910,264"
2025-10-08,"293,000",投信,"267,201","25,799"
2025-10-09,0,外資自營商,0,0
2025-10-09,"1,421,300",自營商（自行買賣）,"59,495","1,361,805"
2025-10-09,"326,194",自營商（避險）,"54,700","271,494"
2025-10-09,"19,636,515",外陸資,"21,138,780","-1,502,265"
2025-10-09,"191,000",投信,"259,380","-68,380"
2025-10-13,0,外資自營商,0,0
2025-10-13,"1,280,000",自營商（自行買賣）,"246,999","1,033,001"
2025-10-13,"2,610,530",自營商（避險）,"920,230","1,690,300"
2025-10-13,"16,063,713",外陸資,"35,042,301","-18,978,588"
2025-10-13,"1,013,000",投信,"75,178","937,822"
2025-10-14,0,外資自營商,0,0
2025-10-14,"572,000",自營商（自行買賣）,"448,000","124,000"
2025-10-14,"275,608",自營商（避險）,"711,543","-435,935"
2025-10-14,"21,510,832",外陸資,"22,673,285","-1,162,453"
2025-10-14,"288,580",投信,"75,478","213,102"
2025-10-15,0,外資自營商,0,0
2025-10-15,"1,798,731",自營商（避險）,"279,403","1,519,328"
2025-10-15,"25,526,165",外陸資,"25,405,147","121,018"
2025-10-15,"200,000",投信,"588,328","-388,328"
2025-10-15,"1,311,299",自營商（自行買賣）,"272,000","1,039,299"
2025-10-16,0,外資自營商,0,0
2025-10-16,"1,271,446",自營商（避險）,"219,586","1,051,860"
2025-10-16,"16,483,943",外陸資,"23,467,306","-6,983,363"
2025-10-16,"2,078,000",投信,"379,633","1,698,367"
2025-10-16,"2,017,500",自營商（自行買賣）,"1,066,000","951,500"
2025-10-17,0,外資自營商,0,0
2025-10-17,"560,400",自營商（自行買賣）,"669,999","-109,599"
2025-10-17,"599,356",自營商（避險）,"510,341","89,015"
2025-10-17,"13,239,092",外陸資,"25,920,946","-12,681,854"
2025-10-17,"1,272,000",投信,"707,550","564,450"
2025-10-20,0,外資自營商,0,0
2025-10-20,"373,000",自營商（自行買賣）,"332,000","41,000"
2025-10-20,"751,138",自營商（避險）,"226,240","524,898"
2025-10-20,"19,093,134",外陸資,"13,269,870","5,823,264"
2025-10-20,"1,395,000",投信,"319,683","1,075,317"
2025-10-21,0,外資自營商,0,0
2025-10-21,"541,000",自營商（自行買賣）,"431,125","109,875"
2025-10-21,"950,429",自營商（避險）,"824,013","126,416"
2025-10-21,"16,654,515",外陸資,"16,954,693","-300,178"
2025-10-21,"1,694,000",投信,"110,945","1,583,055"
2025-10-22,0,外資自營商,0,0
2025-10-22,"775,207",投信,"42,781","732,426"
2025-10-22,"590,000",自營商（自行買賣）,"160,000","430,000"
2025-10-22,"1,362,912",自營商（避險）,"220,367","1,142,545"
2025-10-22,"6,464,379",外陸資,"21,416,222","-14,951,843"
2025-10-23,0,外資自營商,0,0
2025-10-23,"53,000",自營商（自行買賣）,"95,999","-42,999"
2025-10-23,"1,022,236",自營商（避險）,"433,545","588,691"
2025-10-23,"8,879,328",外陸資,"17,370,174","-8,490,846"
2025-10-23,"692,000",投信,"592,700","99,300"
2025-10-27,0,外資自營商,0,0
2025-10-27,"451,000",投信,"752,033","-301,033"
2025-10-27,"1,351,000",自營商（自行買賣）,"189,000","1,162,000"
2025-10-27,"1,277,471",自營商（避險）,"93,931","1,183,540"
2025-10-27,"19,298,932",外陸資,"18,320,179","978,753"
2025-10-28,0,外資自營商,0,0
2025-10-28,"621,000",自營商（自行買賣）,"132,963","488,037"
2025-10-28,"678,833",自營商（避險）,"399,323","279,510"
2025-10-28,"17,645,555",外陸資,"25,943,186","-8,297,631"
2025-10-28,"286,000",投信,"74,000","212,000"
2025-10-29,0,外資自營商,0,0
2025-10-29,"271,000",投信,"50,423","220,577"
2025-10-29,"431,000",自營商（自行買賣）,"124,000","307,000"
2025-10-29,"517,293",自營商（避險）,"266,882","250,411"
2025-10-29,"18,189,353",外陸資,"11,980,539","6,208,814"
2025-10-30,0,外資自營商,0,0
2025-10-30,"82,000",自營商（自行買賣）,"147,000","-65,000"
2025-10-30,"578,110",自營商（避險）,"591,325","-13,215"
2025-10-30,"16,749,096",外陸資,"18,661,985","-1,912,889"
2025-10-30,"173,000",投信,"344,000","-171,000"

[kd 9]

Date,Close,Period_Low,Period_High,RSV,K,D
2025-03-11,971.0,963.0,1065.0,7.84,26.66,39.13
2025-03-13,965.0,963.0,1030.0,2.99,28.66,41.0
2025-03-14,959.0,955.0,1030.0,5.33,24.66,38.07
2025-03-17,970.0,955.0,1030.0,20.0,30.07,40.05
2025-03-18,971.0,955.0,1025.0,22.86,34.29,42.54
2025-03-19,952.0,950.0,1010.0,3.33,28.41,40.79
2025-03-20,985.0,950.0,1005.0,63.64,44.18,44.6
2025-03-21,972.0,950.0,1005.0,40.0,49.7,50.91
2025-03-24,972.0,950.0,1005.0,40.0,44.44,47.41
2025-03-25,990.0,950.0,1005.0,72.73,55.35,51.04
2025-03-26,980.0,950.0,995.0,66.67,60.61,55.22
2025-03-27,958.0,950.0,995.0,17.78,42.96,48.89
2025-03-28,952.0,946.0,995.0,12.24,30.25,41.03
2025-03-31,910.0,910.0,995.0,0.0,24.94,38.85
2025-04-01,944.0,910.0,995.0,40.0,35.56,41.48
2025-04-02,942.0,910.0,995.0,37.65,43.66,47.15
2025-04-07,848.0,848.0,995.0,0.0,30.59,42.61
2025-04-08,816.0,797.0,995.0,9.6,25.42,38.1
2025-04-09,785.0,780.0,995.0,2.33,25.13,38.72
2025-04-10,863.0,780.0,964.0,45.11,48.37,49.46
2025-04-11,889.0,780.0,955.0,62.29,53.01,50.64
2025-04-15,877.0,780.0,952.0,56.4,52.0,50.62
2025-04-16,855.0,780.0,952.0,43.6,49.29,50.24
2025-04-18,850.0,780.0,903.0,56.91,53.3,51.43
2025-04-21,835.0,780.0,903.0,44.72,49.77,50.44
2025-04-22,816.0,816.0,903.0,0.0,32.16,43.66
2025-04-23,873.0,816.0,903.0,65.52,44.06,44.32
2025-04-24,864.0,816.0,903.0,55.17,55.17,52.87
2025-04-25,888.0,816.0,901.0,84.71,62.72,54.62
2025-04-30,908.0,816.0,908.0,100.0,77.78,62.96
2025-05-02,950.0,816.0,950.0,100.0,77.78,62.96
2025-05-05,938.0,816.0,957.0,86.52,73.29,61.47
2025-05-06,920.0,848.0,957.0,66.06,63.47,57.19
2025-05-08,918.0,886.0,957.0,45.07,52.89,52.48
2025-05-09,949.0,893.0,957.0,87.5,61.4,53.44
2025-05-12,957.0,893.0,962.0,92.75,72.58,60.31
2025-05-14,999.0,911.0,999.0,100.0,72.65,59.54
2025-05-16,998.0,911.0,1000.0,97.75,75.28,61.55
2025-05-19,984.0,911.0,1000.0,82.02,71.29,60.63
2025-05-20,978.0,918.0,1000.0,73.17,64.84,57.32
2025-05-21,990.0,934.0,1000.0,84.85,66.77,57.3
2025-05-22,982.0,952.0,1000.0,62.5,61.91,56.55
2025-05-23,984.0,969.0,1000.0,48.39,52.24,51.67
2025-05-26,976.0,975.0,1000.0,4.0,34.31,44.65
2025-05-28,967.0,961.0,999.0,15.79,29.76,40.31
2025-05-29,967.0,961.0,999.0,15.79,30.99,41.13
2025-06-02,946.0,946.0,999.0,0.0,25.73,39.38
2025-06-04,990.0,946.0,993.0,93.62,55.11,48.56
2025-06-06,995.0,946.0,1000.0,90.74,73.87,61.39
2025-06-09,1005.0,946.0,1010.0,92.19,73.12,60.72
2025-06-10,1045.0,946.0,1050.0,95.19,74.44,61.27
2025-06-11,1065.0,946.0,1070.0,95.97,75.37,61.8
2025-06-12,1045.0,946.0,1070.0,79.84,70.16,60.13
2025-06-13,1030.0,950.0,1070.0,66.67,62.19,56.27
2025-06-16,1025.0,970.0,1070.0,55.0,55.37,53.02
2025-06-17,1045.0,991.0,1070.0,68.35,57.23,52.78
2025-06-18,1055.0,991.0,1070.0,81.01,64.42,56.17
2025-06-19,1035.0,1000.0,1070.0,50.0,56.89,54.59
2025-06-20,1055.0,1015.0,1070.0,72.73,57.58,52.53
2025-06-24,1050.0,1015.0,1060.0,77.78,50.17,47.03
2025-06-25,1070.0,1015.0,1070.0,100.0,72.84,59.67
2025-06-26,1075.0,1015.0,1080.0,92.31,75.21,62.11
2025-06-27,1080.0,1015.0,1080.0,100.0,76.07,61.82
2025-06-30,1060.0,1015.0,1080.0,69.23,67.52,59.54
2025-07-01,1085.0,1015.0,1095.0,87.5,66.77,57.02
2025-07-02,1085.0,1015.0,1095.0,87.5,70.83,59.72
2025-07-03,1090.0,1015.0,1105.0,83.33,69.44,59.26
2025-07-07,1080.0,1055.0,1105.0,50.0,54.27,52.85
2025-07-09,1090.0,1060.0,1105.0,66.67,54.32,51.03
2025-07-10,1100.0,1060.0,1105.0,88.89,66.67,56.79
2025-07-11,1100.0,1065.0,1105.0,87.5,71.14,59.93
2025-07-14,1095.0,1065.0,1105.0,75.0,66.67,58.33
2025-07-15,1110.0,1065.0,1115.0,90.0,68.89,58.15
2025-07-16,1130.0,1065.0,1130.0,100.0,75.56,61.48
2025-07-17,1130.0,1065.0,1135.0,92.86,75.4,62.17
2025-07-18,1155.0,1065.0,1160.0,94.74,74.44,61.32
2025-07-21,1150.0,1065.0,1160.0,89.47,73.1,61.01
2025-07-22,1130.0,1085.0,1160.0,60.0,62.11,56.96
2025-07-23,1145.0,1085.0,1160.0,80.0,62.22,54.81
2025-07-24,1145.0,1085.0,1160.0,80.0,66.67,57.78
2025-07-25,1145.0,1090.0,1160.0,78.57,66.19,57.62
2025-07-28,1145.0,1115.0,1160.0,66.67,61.9,56.08
2025-07-29,1135.0,1115.0,1160.0,44.44,51.85,51.85
2025-07-30,1155.0,1125.0,1160.0,85.71,60.67,53.15
2025-07-31,1160.0,1125.0,1165.0,87.5,70.44,59.46
2025-08-01,1140.0,1125.0,1165.0,37.5,54.17,54.17
2025-08-04,1135.0,1125.0,1165.0,25.0,41.67,47.22
2025-08-05,1150.0,1125.0,1165.0,62.5,54.17,51.39
2025-08-06,1125.0,1125.0,1165.0,0.0,33.33,44.44
2025-08-07,1180.0,1125.0,1180.0,100.0,66.67,55.56
2025-08-08,1175.0,1125.0,1185.0,83.33,61.11,53.7
2025-08-11,1180.0,1125.0,1195.0,78.57,59.52,53.17
2025-08-12,1180.0,1125.0,1195.0,78.57,59.52,53.17
2025-08-13,1200.0,1125.0,1200.0,100.0,66.67,55.56
2025-08-14,1175.0,1125.0,1200.0,66.67,55.56,51.85
2025-08-15,1180.0,1125.0,1200.0,73.33,61.48,55.06
2025-08-18,1180.0,1125.0,1200.0,73.33,62.96,56.05
2025-08-19,1185.0,1155.0,1200.0,66.67,60.74,55.31
2025-08-20,1135.0,1135.0,1200.0,0.0,37.04,46.91
2025-08-21,1150.0,1135.0,1200.0,23.08,29.91,39.6
2025-08-22,1135.0,1135.0,1200.0,0.0,27.35,40.46
2025-08-25,1170.0,1135.0,1200.0,53.85,40.17,43.02
2025-08-26,1175.0,1135.0,1190.0,72.73,58.43,53.1
2025-08-27,1190.0,1135.0,1190.0,100.0,71.72,58.92
2025-08-28,1160.0,1135.0,1190.0,45.45,59.6,56.9
2025-08-29,1160.0,1135.0,1190.0,45.45,47.47,48.82
2025-09-02,1160.0,1135.0,1190.0,45.45,49.49,50.17
2025-09-03,1160.0,1135.0,1190.0,45.45,47.47,48.82
2025-09-04,1160.0,1145.0,1190.0,33.33,43.43,47.47
2025-09-05,1180.0,1145.0,1190.0,77.78,55.56,50.62
2025-09-08,1180.0,1145.0,1195.0,70.0,62.84,56.34
2025-09-09,1200.0,1145.0,1200.0,100.0,71.11,58.52
2025-09-10,1225.0,1145.0,1230.0,94.12,75.82,62.31
2025-09-11,1240.0,1145.0,1260.0,82.61,70.67,60.16
2025-09-12,1260.0,1145.0,1260.0,100.0,73.91,60.39
2025-09-15,1255.0,1145.0,1260.0,95.65,76.33,62.48
2025-09-16,1280.0,1160.0,1285.0,96.0,75.48,61.87
2025-09-17,1265.0,1170.0,1285.0,82.61,71.09,60.44
2025-09-18,1285.0,1180.0,1285.0,100.0,73.91,60.39
2025-09-19,1265.0,1190.0,1290.0,75.0,69.44,60.19
2025-09-22,1295.0,1215.0,1295.0,100.0,72.22,59.26
2025-09-23,1340.0,1235.0,1340.0,100.0,77.78,62.96
2025-09-24,1340.0,1250.0,1355.0,85.71,73.02,61.38
2025-09-25,1320.0,1250.0,1355.0,66.67,63.49,57.14
2025-09-26,1300.0,1260.0,1355.0,42.11,51.07,51.59
2025-09-30,1305.0,1265.0,1355.0,44.44,48.15,49.38
2025-10-02,1365.0,1265.0,1370.0,95.24,65.08,55.03
2025-10-03,1400.0,1295.0,1400.0,100.0,76.67,62.22
2025-10-07,1435.0,1295.0,1445.0,93.33,75.56,62.22
2025-10-08,1415.0,1295.0,1445.0,80.0,69.63,59.75
2025-10-09,1440.0,1295.0,1455.0,90.62,70.21,58.96
2025-10-13,1415.0,1300.0,1455.0,74.19,67.09,58.71
2025-10-14,1425.0,1305.0,1460.0,77.42,64.7,56.75
2025-10-15,1465.0,1325.0,1465.0,100.0,72.76,59.62
2025-10-16,1485.0,1355.0,1495.0,92.86,75.4,62.17
2025-10-17,1450.0,1365.0,1495.0,65.38,64.65,58.06
2025-10-20,1480.0,1390.0,1495.0,85.71,65.32,56.25
2025-10-21,1480.0,1390.0,1500.0,81.82,68.54,58.83
2025-10-22,1460.0,1390.0,1500.0,63.64,61.62,56.23
2025-10-23,1450.0,1390.0,1500.0,54.55,54.55,52.53
2025-10-27,1480.0,1420.0,1500.0,75.0,59.34,53.45
2025-10-28,1475.0,1425.0,1500.0,66.67,61.11,55.56
2025-10-29,1505.0,1435.0,1515.0,87.5,66.2,56.64
2025-10-30,1505.0,1435.0,1520.0,82.35,69.12,59.15

[kd 14]

Date,Close,Period_Low,Period_High,RSV,K,D
2025-03-11,971.0,963.0,1095.0,6.06,25.48,38.53
2025-03-13,965.0,963.0,1095.0,1.52,26.94,40.01
2025-03-14,959.0,955.0,1085.0,3.08,23.58,37.6
2025-03-17,970.0,955.0,1065.0,13.64,27.45,39.01
2025-03-18,971.0,955.0,1065.0,14.55,30.1,40.67
2025-03-19,952.0,950.0,1065.0,1.74,26.03,39.39
2025-03-20,985.0,950.0,1030.0,43.75,37.19,42.16
2025-03-21,972.0,950.0,1030.0,27.5,41.11,46.57
2025-03-24,972.0,950.0,1030.0,27.5,37.5,44.17
2025-03-25,990.0,950.0,1025.0,53.33,46.11,47.04
2025-03-26,980.0,950.0,1010.0,50.0,50.74,50.49
2025-03-27,958.0,950.0,1005.0,14.55,38.18,46.06
2025-03-28,952.0,946.0,1005.0,10.17,28.84,40.32
2025-03-31,910.0,910.0,1005.0,0.0,24.48,38.54
2025-04-01,944.0,910.0,1005.0,35.79,34.15,41.01
2025-04-02,942.0,910.0,995.0,37.65,42.72,46.52
2025-04-07,848.0,848.0,995.0,0.0,30.59,42.61
2025-04-08,816.0,797.0,995.0,9.6,25.42,38.1
2025-04-09,785.0,780.0,995.0,2.33,25.13,38.72
2025-04-10,863.0,780.0,995.0,38.6,46.2,48.73
2025-04-11,889.0,780.0,995.0,50.7,47.7,48.39
2025-04-15,877.0,780.0,995.0,45.12,46.05,47.91
2025-04-16,855.0,780.0,995.0,34.88,43.88,47.6
2025-04-18,850.0,780.0,955.0,40.0,43.65,46.88
2025-04-21,835.0,780.0,952.0,31.98,41.77,46.52
2025-04-22,816.0,780.0,952.0,20.93,36.3,44.1
2025-04-23,873.0,780.0,952.0,54.07,44.9,46.15
2025-04-24,864.0,780.0,903.0,68.29,57.0,52.64
2025-04-25,888.0,780.0,903.0,87.8,66.67,56.91
2025-04-30,908.0,816.0,908.0,100.0,77.52,62.79
2025-05-02,950.0,816.0,950.0,100.0,77.78,62.96
2025-05-05,938.0,816.0,957.0,86.52,73.29,61.47
2025-05-06,920.0,816.0,957.0,73.76,66.04,58.05
2025-05-08,918.0,816.0,957.0,72.34,63.99,56.84
2025-05-09,949.0,816.0,957.0,94.33,69.74,58.23
2025-05-12,957.0,816.0,962.0,96.58,75.38,61.74
2025-05-14,999.0,859.0,999.0,100.0,74.49,60.77
2025-05-16,998.0,893.0,1000.0,98.13,75.79,61.85
2025-05-19,984.0,893.0,1000.0,85.05,72.38,61.02
2025-05-20,978.0,899.0,1000.0,78.22,67.19,58.33
2025-05-21,990.0,911.0,1000.0,88.76,69.19,58.49
2025-05-22,982.0,911.0,1000.0,79.78,68.54,59.05
2025-05-23,984.0,911.0,1000.0,82.02,67.29,57.97
2025-05-26,976.0,911.0,1000.0,73.03,64.79,57.3
2025-05-28,967.0,934.0,1000.0,50.0,51.63,51.08
2025-05-29,967.0,952.0,1000.0,31.25,43.75,47.92
2025-06-02,946.0,946.0,1000.0,0.0,29.17,41.67
2025-06-04,990.0,946.0,1000.0,81.48,51.03,47.19
2025-06-06,995.0,946.0,1000.0,90.74,73.87,61.39
2025-06-09,1005.0,946.0,1010.0,92.19,73.12,60.72
2025-06-10,1045.0,946.0,1050.0,95.19,74.44,61.27
2025-06-11,1065.0,946.0,1070.0,95.97,75.37,61.8
2025-06-12,1045.0,946.0,1070.0,79.84,70.16,60.13
2025-06-13,1030.0,946.0,1070.0,67.74,62.54,56.39
2025-06-16,1025.0,946.0,1070.0,63.71,58.51,54.15
2025-06-17,1045.0,946.0,1070.0,79.84,62.99,55.35
2025-06-18,1055.0,946.0,1070.0,87.9,69.27,58.63
2025-06-19,1035.0,946.0,1070.0,71.77,65.68,58.03
2025-06-20,1055.0,950.0,1070.0,87.5,67.34,57.39
2025-06-24,1050.0,991.0,1070.0,74.68,58.23,52.74
2025-06-25,1070.0,991.0,1070.0,100.0,72.15,59.21
2025-06-26,1075.0,1000.0,1080.0,93.75,75.69,62.27
2025-06-27,1080.0,1015.0,1080.0,100.0,76.39,62.04
2025-06-30,1060.0,1015.0,1080.0,69.23,67.52,59.54
2025-07-01,1085.0,1015.0,1095.0,87.5,66.77,57.02
2025-07-02,1085.0,1015.0,1095.0,87.5,70.83,59.72
2025-07-03,1090.0,1015.0,1105.0,83.33,69.44,59.26
2025-07-07,1080.0,1015.0,1105.0,72.22,63.58,56.58
2025-07-09,1090.0,1015.0,1105.0,83.33,66.05,57.0
2025-07-10,1100.0,1015.0,1105.0,94.44,72.22,59.88
2025-07-11,1100.0,1040.0,1105.0,92.31,73.98,61.29
2025-07-14,1095.0,1055.0,1105.0,80.0,69.4,59.6
2025-07-15,1110.0,1060.0,1115.0,90.91,70.3,58.99
2025-07-16,1130.0,1060.0,1130.0,100.0,75.76,61.62
2025-07-17,1130.0,1060.0,1135.0,93.33,75.56,62.22
2025-07-18,1155.0,1065.0,1160.0,94.74,74.54,61.39
2025-07-21,1150.0,1065.0,1160.0,89.47,73.1,61.01
2025-07-22,1130.0,1065.0,1160.0,68.42,64.91,57.89
2025-07-23,1145.0,1065.0,1160.0,84.21,65.5,56.53
2025-07-24,1145.0,1065.0,1160.0,84.21,69.01,58.87
2025-07-25,1145.0,1065.0,1160.0,84.21,69.01,58.87
2025-07-28,1145.0,1065.0,1160.0,84.21,69.01,58.87
2025-07-29,1135.0,1085.0,1160.0,66.67,63.16,56.92
2025-07-30,1155.0,1085.0,1160.0,93.33,68.15,57.28
2025-07-31,1160.0,1085.0,1165.0,93.75,74.21,61.28
2025-08-01,1140.0,1090.0,1165.0,66.67,65.28,58.33
2025-08-04,1135.0,1090.0,1165.0,60.0,53.33,51.11
2025-08-05,1150.0,1115.0,1165.0,70.0,56.67,52.22
2025-08-06,1125.0,1115.0,1165.0,20.0,40.0,46.67
2025-08-07,1180.0,1125.0,1180.0,100.0,66.67,55.56
2025-08-08,1175.0,1125.0,1185.0,83.33,61.11,53.7
2025-08-11,1180.0,1125.0,1195.0,78.57,59.52,53.17
2025-08-12,1180.0,1125.0,1195.0,78.57,59.52,53.17
2025-08-13,1200.0,1125.0,1200.0,100.0,66.67,55.56
2025-08-14,1175.0,1125.0,1200.0,66.67,55.56,51.85
2025-08-15,1180.0,1125.0,1200.0,73.33,57.78,52.59
2025-08-18,1180.0,1125.0,1200.0,73.33,57.78,52.59
2025-08-19,1185.0,1125.0,1200.0,80.0,60.0,53.33
2025-08-20,1135.0,1125.0,1200.0,13.33,37.78,45.93
2025-08-21,1150.0,1125.0,1200.0,33.33,44.44,48.15
2025-08-22,1135.0,1125.0,1200.0,13.33,34.07,43.46
2025-08-25,1170.0,1125.0,1200.0,60.0,45.19,45.68
2025-08-26,1175.0,1135.0,1200.0,61.54,56.07,52.76
2025-08-27,1190.0,1135.0,1200.0,84.62,64.1,55.56
2025-08-28,1160.0,1135.0,1200.0,38.46,53.85,53.85
2025-08-29,1160.0,1135.0,1200.0,38.46,43.59,47.01
2025-09-02,1160.0,1135.0,1190.0,45.45,47.63,48.93
2025-09-03,1160.0,1135.0,1190.0,45.45,47.47,48.82
2025-09-04,1160.0,1135.0,1190.0,45.45,47.47,48.82
2025-09-05,1180.0,1135.0,1190.0,81.82,59.6,52.86
2025-09-08,1180.0,1135.0,1195.0,75.0,65.4,57.49
2025-09-09,1200.0,1135.0,1200.0,100.0,72.22,59.26
2025-09-10,1225.0,1135.0,1230.0,94.74,76.02,62.38
2025-09-11,1240.0,1145.0,1260.0,82.61,70.81,60.25
2025-09-12,1260.0,1145.0,1260.0,100.0,73.91,60.39
2025-09-15,1255.0,1145.0,1260.0,95.65,76.33,62.48
2025-09-16,1280.0,1145.0,1285.0,96.43,75.62,61.92
2025-09-17,1265.0,1145.0,1285.0,85.71,72.22,60.85
2025-09-18,1285.0,1145.0,1285.0,100.0,74.6,60.85
2025-09-19,1265.0,1145.0,1290.0,82.76,72.03,61.05
2025-09-22,1295.0,1145.0,1295.0,100.0,73.95,60.41
2025-09-23,1340.0,1160.0,1340.0,100.0,77.78,62.96
2025-09-24,1340.0,1170.0,1355.0,91.89,75.08,62.06
2025-09-25,1320.0,1180.0,1355.0,80.0,69.31,59.54
2025-09-26,1300.0,1190.0,1355.0,66.67,62.22,56.3
2025-09-30,1305.0,1215.0,1355.0,64.29,54.76,51.59
2025-10-02,1365.0,1250.0,1370.0,95.83,65.28,55.09
2025-10-03,1400.0,1260.0,1400.0,100.0,76.85,62.35
2025-10-07,1435.0,1265.0,1445.0,94.44,75.93,62.35
2025-10-08,1415.0,1265.0,1445.0,83.33,70.99,60.29
2025-10-09,1440.0,1265.0,1455.0,92.11,71.44,59.62
2025-10-13,1415.0,1270.0,1455.0,78.38,68.82,59.39
2025-10-14,1425.0,1270.0,1460.0,81.58,66.96,57.8
2025-10-15,1465.0,1295.0,1465.0,100.0,73.68,60.23
2025-10-16,1485.0,1295.0,1495.0,95.0,76.11,62.41
2025-10-17,1450.0,1295.0,1495.0,77.5,69.17,59.72
2025-10-20,1480.0,1295.0,1495.0,92.5,70.28,58.8
2025-10-21,1480.0,1305.0,1500.0,89.74,72.69,60.71
2025-10-22,1460.0,1325.0,1500.0,77.14,67.88,58.9
2025-10-23,1450.0,1355.0,1500.0,65.52,61.2,55.75
2025-10-27,1480.0,1365.0,1500.0,85.19,65.18,56.21
2025-10-28,1475.0,1390.0,1500.0,77.27,66.91,58.24
2025-10-29,1505.0,1390.0,1515.0,92.0,70.06,58.71
2025-10-30,1505.0,1390.0,1520.0,88.46,72.15,60.5

[ma]

Date,Close,latest_ma5,latest_ma10,latest_ma20,latest_ma60,latest_ma120,latest_ma200
2025-03-11,971.0,999.8,1017.4,1052.95,1076.23,1043.16,994.93
2025-03-13,965.0,985.4,1001.2,1040.1,1073.25,1044.39,996.57
2025-03-14,959.0,976.2,993.1,1033.55,1071.38,1044.95,997.22
2025-03-17,970.0,970.6,988.1,1029.05,1069.87,1045.56,997.92
2025-03-18,971.0,970.6,985.2,1023.35,1068.7,1048.17,1003.2
2025-03-19,952.0,963.4,978.4,1015.95,1066.9,1048.28,1003.78
2025-03-20,985.0,967.4,976.4,1010.7,1065.57,1048.59,1004.5
2025-03-21,972.0,970.0,973.1,1005.3,1063.68,1048.8,1005.04
2025-03-24,972.0,970.4,970.5,999.15,1061.97,1049.06,1005.52
2025-03-25,990.0,974.2,972.4,994.9,1060.38,1049.31,1006.14
2025-03-26,980.0,979.8,971.6,991.15,1058.88,1049.37,1006.7
2025-03-27,958.0,974.4,970.9,986.05,1057.6,1049.21,1007.16
2025-03-28,952.0,970.4,970.2,981.65,1055.47,1048.92,1007.63
2025-03-31,910.0,958.0,964.2,976.15,1052.63,1048.12,1008.0
2025-04-01,944.0,948.8,961.5,973.35,1050.28,1047.53,1008.61
2025-04-02,942.0,941.2,960.5,969.45,1047.9,1047.05,1009.09
2025-04-07,848.0,919.2,946.8,961.6,1043.87,1046.14,1009.13
2025-04-08,816.0,892.0,931.2,952.15,1039.3,1044.84,1008.95
2025-04-09,785.0,867.0,912.5,941.5,1034.47,1043.24,1008.4
2025-04-10,863.0,850.8,899.8,936.1,1031.1,1042.06,1008.32
2025-04-11,889.0,840.2,890.7,931.15,1028.0,1041.05,1008.35
2025-04-15,877.0,855.8,873.9,922.05,1019.45,1038.36,1007.92
2025-04-16,855.0,869.8,868.4,916.3,1015.28,1036.78,1007.59
2025-04-18,850.0,858.8,849.5,905.0,1006.9,1033.29,1006.75
2025-04-21,835.0,852.8,848.2,897.5,1002.9,1031.62,1006.02
2025-04-22,816.0,840.6,848.2,889.7,998.33,1029.38,1005.2
2025-04-23,873.0,844.2,857.0,884.75,995.13,1027.62,1004.71
2025-04-24,864.0,847.6,857.1,878.45,991.12,1025.86,1004.33
2025-04-25,888.0,855.2,857.0,873.85,987.25,1024.42,1004.04
2025-04-30,908.0,891.8,868.0,868.2,976.12,1020.52,1003.15
2025-05-02,950.0,909.0,878.3,868.5,974.12,1019.77,1003.06
2025-05-05,938.0,919.0,887.1,868.3,971.5,1019.01,1002.95
2025-05-06,920.0,923.6,895.6,871.9,968.33,1018.13,1002.65
2025-05-08,918.0,930.8,911.3,884.15,961.77,1016.1,1001.84
2025-05-09,949.0,930.6,919.8,888.45,959.17,1015.17,1001.4
2025-05-12,957.0,934.4,926.7,891.85,956.62,1014.27,1000.99
2025-05-14,999.0,958.4,943.6,903.15,952.92,1012.55,1000.21
2025-05-16,998.0,983.2,956.9,917.6,950.35,1011.77,999.76
2025-05-19,984.0,988.6,961.5,924.3,948.42,1011.34,999.4
2025-05-20,978.0,990.4,967.3,931.45,946.55,1010.87,999.14
2025-05-21,990.0,988.6,973.5,940.15,945.05,1010.58,999.07
2025-05-22,982.0,986.4,979.9,945.6,943.17,1010.09,999.13
2025-05-23,984.0,983.6,983.4,951.6,941.65,1009.75,999.36
2025-05-26,976.0,982.0,985.3,956.0,940.33,1009.47,999.34
2025-05-28,967.0,974.8,981.7,962.65,937.53,1008.32,999.66
2025-05-29,967.0,971.8,979.1,965.6,936.65,1007.96,999.79
2025-06-02,946.0,964.2,973.9,965.4,935.75,1007.51,999.86
2025-06-04,990.0,964.0,971.7,969.5,934.33,1007.0,1000.24
2025-06-06,995.0,975.8,973.8,976.85,934.17,1006.19,1001.73
2025-06-09,1005.0,987.6,975.9,979.65,934.73,1005.65,1002.15
2025-06-10,1045.0,1006.6,982.8,984.05,935.68,1005.4,1002.9
2025-06-11,1065.0,1021.6,992.8,988.85,937.35,1005.4,1003.55
2025-06-12,1045.0,1031.0,1000.6,991.15,938.78,1005.15,1004.08
2025-06-13,1030.0,1038.0,1006.9,993.0,939.78,1004.86,1004.52
2025-06-16,1025.0,1042.0,1014.8,994.35,940.68,1004.69,1004.91
2025-06-17,1045.0,1042.0,1024.3,997.4,942.23,1004.57,1005.42
2025-06-18,1055.0,1040.0,1030.8,1001.25,943.4,1004.48,1005.85
2025-06-19,1035.0,1038.0,1034.5,1003.5,944.45,1004.07,1006.16
2025-06-20,1055.0,1043.0,1040.5,1007.15,945.83,1003.9,1006.57
2025-06-24,1050.0,1043.0,1042.5,1012.65,947.5,1003.19,1007.38
2025-06-25,1070.0,1046.0,1043.0,1017.9,949.37,1003.48,1007.98
2025-06-26,1075.0,1054.0,1046.0,1023.3,951.42,1003.44,1008.61
2025-06-27,1080.0,1059.0,1051.0,1028.95,954.25,1003.44,1009.29
2025-06-30,1060.0,1067.0,1054.5,1034.65,956.18,1003.23,1009.77
2025-07-01,1085.0,1074.0,1058.5,1041.4,958.57,1003.23,1010.49
2025-07-02,1085.0,1077.0,1061.5,1046.15,962.52,1003.19,1011.19
2025-07-03,1090.0,1080.0,1067.0,1050.75,967.08,1003.19,1011.9
2025-07-07,1080.0,1085.0,1076.0,1059.0,975.7,1003.4,1013.58
2025-07-09,1090.0,1085.0,1081.0,1062.0,982.63,1003.15,1015.33
2025-07-10,1100.0,1087.0,1083.5,1064.75,986.35,1002.9,1016.34
2025-07-11,1100.0,1090.0,1085.5,1068.25,990.43,1002.86,1017.32
2025-07-14,1095.0,1093.0,1089.0,1071.75,994.57,1002.82,1018.28
2025-07-15,1110.0,1099.0,1091.5,1075.0,998.9,1002.9,1019.13
2025-07-16,1130.0,1107.0,1096.0,1078.75,1003.82,1003.36,1020.05
2025-07-17,1130.0,1113.0,1100.0,1083.5,1009.05,1003.69,1020.97
2025-07-18,1155.0,1124.0,1107.0,1088.5,1013.75,1004.44,1022.03
2025-07-21,1150.0,1135.0,1114.0,1095.0,1018.52,1004.82,1022.99
2025-07-22,1130.0,1139.0,1119.0,1099.0,1022.55,1004.9,1023.77
2025-07-23,1145.0,1142.0,1124.5,1102.75,1026.68,1005.11,1024.61
2025-07-24,1145.0,1145.0,1129.0,1106.25,1030.73,1005.32,1025.4
2025-07-25,1145.0,1143.0,1133.5,1109.5,1034.68,1005.4,1026.1
2025-07-28,1145.0,1142.0,1138.5,1113.75,1037.93,1006.02,1026.75
2025-07-29,1135.0,1143.0,1141.0,1116.25,1041.22,1006.36,1027.42
2025-07-30,1155.0,1145.0,1143.5,1119.75,1045.13,1006.73,1028.41
2025-07-31,1160.0,1148.0,1146.5,1123.25,1049.0,1007.11,1029.36
2025-08-01,1140.0,1147.0,1145.0,1126.0,1052.7,1007.23,1030.17
2025-08-04,1135.0,1146.0,1144.5,1125.75,1052.62,1007.19,1030.14
2025-08-05,1150.0,1147.0,1144.5,1129.25,1055.97,1007.57,1030.87
2025-08-06,1125.0,1145.0,1144.0,1131.5,1058.77,1007.69,1031.44
2025-08-07,1180.0,1150.0,1147.5,1136.0,1062.28,1008.36,1032.24
2025-08-08,1175.0,1153.0,1150.5,1139.75,1065.22,1009.07,1032.89
2025-08-11,1180.0,1162.0,1154.0,1143.75,1068.33,1010.07,1033.57
2025-08-12,1180.0,1168.0,1157.5,1148.0,1071.37,1010.86,1034.12
2025-08-13,1200.0,1183.0,1164.0,1152.5,1074.97,1011.69,1034.89
2025-08-14,1175.0,1182.0,1166.0,1154.75,1078.25,1012.4,1035.6
2025-08-15,1180.0,1183.0,1168.0,1157.25,1081.42,1013.23,1036.07
2025-08-18,1180.0,1183.0,1172.5,1158.5,1084.72,1013.94,1036.55
2025-08-19,1185.0,1184.0,1176.0,1160.25,1088.07,1014.86,1037.1
2025-08-20,1135.0,1171.0,1177.0,1160.5,1090.72,1015.52,1037.47
2025-08-21,1150.0,1166.0,1174.0,1160.75,1093.8,1016.27,1037.92
2025-08-22,1135.0,1157.0,1170.0,1160.25,1096.6,1017.07,1038.27
2025-08-25,1170.0,1155.0,1169.0,1161.5,1099.98,1018.32,1038.87
2025-08-26,1175.0,1153.0,1168.5,1163.0,1103.8,1019.77,1039.55
2025-08-27,1190.0,1164.0,1167.5,1165.75,1107.8,1021.19,1040.35
2025-08-28,1160.0,1166.0,1166.0,1166.0,1110.63,1022.48,1041.02
2025-08-29,1160.0,1171.0,1164.0,1166.0,1113.33,1023.77,1041.62
2025-09-02,1160.0,1167.0,1160.0,1168.0,1118.75,1026.74,1042.69
2025-09-03,1160.0,1161.0,1162.5,1169.75,1120.67,1028.17,1043.17
2025-09-04,1160.0,1161.0,1163.5,1168.75,1122.25,1029.8,1043.52
2025-09-05,1180.0,1165.0,1168.0,1169.0,1124.5,1031.64,1043.99
2025-09-08,1180.0,1168.0,1169.0,1169.0,1127.0,1033.39,1044.64
2025-09-09,1200.0,1176.0,1171.5,1170.0,1129.92,1035.3,1045.47
2025-09-10,1225.0,1189.0,1175.0,1171.25,1132.92,1037.58,1046.42
2025-09-11,1240.0,1205.0,1183.0,1174.5,1136.0,1039.7,1047.44
2025-09-12,1260.0,1221.0,1193.0,1178.5,1139.75,1042.1,1048.62
2025-09-15,1255.0,1236.0,1202.0,1182.25,1143.08,1044.46,1049.69
2025-09-16,1280.0,1252.0,1214.0,1187.0,1147.42,1046.88,1050.97
2025-09-17,1265.0,1260.0,1224.5,1193.5,1151.0,1049.25,1052.24
2025-09-18,1285.0,1269.0,1237.0,1200.25,1154.58,1051.97,1053.47
2025-09-19,1265.0,1270.0,1245.5,1206.75,1157.75,1054.58,1054.64
2025-09-22,1295.0,1278.0,1257.0,1213.0,1161.33,1057.79,1056.07
2025-09-23,1340.0,1290.0,1271.0,1221.25,1166.0,1061.09,1057.77
2025-09-24,1340.0,1305.0,1282.5,1228.75,1170.25,1064.41,1059.44
2025-09-25,1320.0,1312.0,1290.5,1236.75,1174.17,1068.34,1061.07
2025-09-26,1300.0,1319.0,1294.5,1243.75,1177.67,1072.38,1062.39
2025-09-30,1305.0,1321.0,1299.5,1250.75,1181.33,1076.71,1063.64
2025-10-01,1325.0,1325.0,1301.5,1251.75,1181.67,1076.88,1063.74
2025-10-02,1365.0,1323.0,1314.0,1269.25,1190.17,1084.53,1066.37
2025-10-03,1400.0,1339.0,1329.0,1287.25,1198.67,1092.51,1069.16
2025-10-07,1435.0,1366.0,1343.0,1300.0,1204.25,1097.34,1071.02
2025-10-08,1415.0,1388.0,1350.5,1310.75,1209.58,1102.08,1072.87
2025-10-09,1440.0,1411.0,1360.5,1321.5,1215.08,1106.99,1074.77
2025-10-13,1415.0,1421.0,1370.0,1330.25,1219.83,1111.83,1076.52
2025-10-14,1425.0,1426.0,1382.5,1336.5,1221.92,1112.87,1077.14
2025-10-15,1465.0,1432.0,1399.0,1346.75,1227.5,1118.28,1079.04
2025-10-16,1485.0,1446.0,1417.0,1358.25,1233.0,1123.38,1081.09
2025-10-17,1450.0,1448.0,1429.5,1366.75,1238.0,1128.26,1082.91
2025-10-20,1480.0,1461.0,1441.0,1377.5,1243.83,1133.19,1084.96
2025-10-21,1480.0,1472.0,1449.0,1387.25,1249.42,1138.05,1087.19
2025-10-22,1460.0,1471.0,1451.5,1397.0,1254.67,1142.7,1089.09
2025-10-23,1450.0,1464.0,1455.0,1404.75,1259.75,1147.22,1090.94
2025-10-27,1480.0,1470.0,1459.0,1411.75,1265.33,1151.63,1092.91
2025-10-28,1475.0,1469.0,1465.0,1418.5,1271.0,1156.11,1094.87
2025-10-29,1505.0,1474.0,1473.0,1427.75,1276.83,1160.98,1096.94
2025-10-30,1505.0,1483.0,1477.0,1438.0,1282.58,1165.79,1099.02

[rsi 9]

Date,Close,RSI
2025-03-11,971.0,18.66
2025-03-13,965.0,24.83
2025-03-14,959.0,27.41
2025-03-17,970.0,38.1
2025-03-18,971.0,27.1
2025-03-19,952.0,26.13
2025-03-20,985.0,43.06
2025-03-21,972.0,41.33
2025-03-24,972.0,50.41
2025-03-25,990.0,50.81
2025-03-26,980.0,56.76
2025-03-27,958.0,49.61
2025-03-28,952.0,42.62
2025-03-31,910.0,31.29
2025-04-01,944.0,47.75
2025-04-02,942.0,35.37
2025-04-07,848.0,22.81
2025-04-08,816.0,20.0
2025-04-09,785.0,12.45
2025-04-10,863.0,35.11
2025-04-11,889.0,40.0
2025-04-15,877.0,45.05
2025-04-16,855.0,36.14
2025-04-18,850.0,50.42
2025-04-21,835.0,54.34
2025-04-22,816.0,57.49
2025-04-23,873.0,52.69
2025-04-24,864.0,42.6
2025-04-25,888.0,56.8
2025-04-30,908.0,70.75
2025-05-02,950.0,76.88
2025-05-05,938.0,78.14
2025-05-06,920.0,78.57
2025-05-08,918.0,70.15
2025-05-09,949.0,71.63
2025-05-12,957.0,71.43
2025-05-14,999.0,76.61
2025-05-16,998.0,73.44
2025-05-19,984.0,75.81
2025-05-20,978.0,70.49
2025-05-21,990.0,79.03
2025-05-22,982.0,66.34
2025-05-23,984.0,64.21
2025-05-26,976.0,53.85
2025-05-28,967.0,30.88
2025-05-29,967.0,25.4
2025-06-02,946.0,22.86
2025-06-04,990.0,50.0
2025-06-06,995.0,55.67
2025-06-09,1005.0,64.65
2025-06-10,1045.0,81.25
2025-06-11,1065.0,83.56
2025-06-12,1045.0,73.49
2025-06-13,1030.0,76.25
2025-06-16,1025.0,73.29
2025-06-17,1045.0,69.5
2025-06-18,1055.0,69.93
2025-06-19,1035.0,62.5
2025-06-20,1055.0,64.71
2025-06-24,1050.0,45.71
2025-06-25,1070.0,57.14
2025-06-26,1075.0,63.64
2025-06-27,1080.0,66.67
2025-06-30,1060.0,54.55
2025-07-01,1085.0,58.33
2025-07-02,1085.0,65.62
2025-07-03,1090.0,62.07
2025-07-07,1080.0,66.67
2025-07-09,1090.0,60.0
2025-07-10,1100.0,62.5
2025-07-11,1100.0,83.33
2025-07-14,1095.0,62.5
2025-07-15,1110.0,72.73
2025-07-16,1130.0,78.57
2025-07-17,1130.0,84.62
2025-07-18,1155.0,94.12
2025-07-21,1150.0,88.89
2025-07-22,1130.0,70.0
2025-07-23,1145.0,71.43
2025-07-24,1145.0,71.43
2025-07-25,1145.0,75.0
2025-07-28,1145.0,70.59
2025-07-29,1135.0,53.33
2025-07-30,1155.0,63.16
2025-07-31,1160.0,53.33
2025-08-01,1140.0,44.44
2025-08-15,1180.0,64.52
2025-08-18,1180.0,60.71
2025-08-19,1185.0,75.0
2025-08-20,1135.0,30.43
2025-08-21,1150.0,40.0
2025-08-22,1135.0,33.33
2025-08-25,1170.0,47.06
2025-08-26,1175.0,41.94
2025-08-27,1190.0,55.17
2025-08-28,1160.0,44.12
2025-08-29,1160.0,44.12
2025-09-02,1160.0,60.0
2025-09-03,1160.0,54.55
2025-09-04,1160.0,63.16
2025-09-05,1180.0,56.25
2025-09-08,1180.0,53.33
2025-09-09,1200.0,56.25
2025-09-10,1225.0,93.33
2025-09-11,1240.0,94.44
2025-09-12,1260.0,95.24
2025-09-15,1255.0,95.24
2025-09-16,1280.0,96.15
2025-09-17,1265.0,86.21
2025-09-18,1285.0,86.21
2025-09-19,1265.0,75.76
2025-09-22,1295.0,77.14
2025-09-23,1340.0,79.49
2025-09-24,1340.0,77.78
2025-09-25,1320.0,66.67
2025-09-26,1300.0,61.54
2025-10-03,1400.0,78.38
2025-10-07,1435.0,77.14
2025-10-08,1415.0,69.23
2025-10-09,1440.0,80.0
2025-10-13,1415.0,78.05
2025-10-14,1425.0,79.07
2025-10-15,1465.0,82.0
2025-10-16,1485.0,82.0
2025-10-17,1450.0,67.35
2025-10-20,1480.0,66.67
2025-10-21,1480.0,60.98
2025-10-22,1460.0,60.98
2025-10-23,1450.0,52.63
2025-10-27,1480.0,66.67
2025-10-28,1475.0,63.16
2025-10-29,1505.0,61.11
2025-10-30,1505.0,56.25

[rsi 14]

Date,Close,RSI
2025-03-11,971.0,19.14
2025-03-13,965.0,24.89
2025-03-14,959.0,19.09
2025-03-17,970.0,25.12
2025-03-18,971.0,28.12
2025-03-19,952.0,23.79
2025-03-20,985.0,37.44
2025-03-21,972.0,38.68
2025-03-24,972.0,42.71
2025-03-25,990.0,42.11
2025-03-26,980.0,43.24
2025-03-27,958.0,38.65
2025-03-28,952.0,38.83
2025-03-31,910.0,36.2
2025-04-01,944.0,40.76
2025-04-02,942.0,44.7
2025-04-07,848.0,31.8
2025-04-08,816.0,26.38
2025-04-09,785.0,23.88
2025-04-10,863.0,34.03
2025-04-11,889.0,38.24
2025-04-15,877.0,38.98
2025-04-16,855.0,34.48
2025-04-18,850.0,36.96
2025-04-21,835.0,36.17
2025-04-22,816.0,38.25
2025-04-23,873.0,41.61
2025-04-24,864.0,40.93
2025-04-25,888.0,55.56
2025-04-30,908.0,59.41
2025-05-02,950.0,61.96
2025-05-05,938.0,65.02
2025-05-06,920.0,58.63
2025-05-08,918.0,64.98
2025-05-09,949.0,68.68
2025-05-12,957.0,73.64
2025-05-14,999.0,78.12
2025-05-16,998.0,77.23
2025-05-19,984.0,71.01
2025-05-20,978.0,68.27
2025-05-21,990.0,69.16
2025-05-22,982.0,58.89
2025-05-23,984.0,63.53
2025-05-26,976.0,67.5
2025-05-28,967.0,65.81
2025-05-29,967.0,57.26
2025-06-02,946.0,45.99
2025-06-04,990.0,46.76
2025-06-06,995.0,48.92
2025-06-09,1005.0,57.78
2025-06-10,1045.0,69.82
2025-06-11,1065.0,71.19
2025-06-12,1045.0,66.67
2025-06-13,1030.0,61.39
2025-06-16,1025.0,62.31
2025-06-17,1045.0,69.23
2025-06-18,1055.0,70.37
2025-06-19,1035.0,64.41
2025-06-20,1055.0,73.19
2025-06-24,1050.0,61.72
2025-06-25,1070.0,63.43
2025-06-26,1075.0,64.81
2025-06-27,1080.0,64.15
2025-06-30,1060.0,53.06
2025-07-01,1085.0,54.0
2025-07-02,1085.0,58.7
2025-07-03,1090.0,63.64
2025-07-07,1080.0,58.54
2025-07-09,1090.0,64.86
2025-07-10,1100.0,62.86
2025-07-11,1100.0,78.57
2025-07-14,1095.0,69.57
2025-07-15,1110.0,68.18
2025-07-16,1130.0,72.0
2025-07-17,1130.0,70.83
2025-07-18,1155.0,88.0
2025-07-21,1150.0,80.95
2025-07-22,1130.0,68.0
2025-07-23,1145.0,70.37
2025-07-24,1145.0,73.08
2025-07-25,1145.0,76.0
2025-07-28,1145.0,76.0
2025-07-29,1135.0,68.0
2025-07-30,1155.0,70.37
2025-07-31,1160.0,71.43
2025-08-01,1140.0,64.52
2025-08-22,1135.0,50.0
2025-08-25,1170.0,53.85
2025-08-26,1175.0,60.42
2025-08-27,1190.0,52.5
2025-08-28,1160.0,46.67
2025-08-29,1160.0,45.45
2025-09-02,1160.0,40.48
2025-09-03,1160.0,45.95
2025-09-04,1160.0,44.44
2025-09-05,1180.0,50.0
2025-09-08,1180.0,48.72
2025-09-09,1200.0,69.7
2025-09-10,1225.0,71.43
2025-09-11,1240.0,80.0
2025-09-12,1260.0,78.12
2025-09-15,1255.0,75.0
2025-09-16,1280.0,76.47
2025-09-17,1265.0,83.87
2025-09-18,1285.0,85.71
2025-09-19,1265.0,76.32
2025-09-22,1295.0,81.4
2025-09-23,1340.0,84.62
2025-09-24,1340.0,84.62
2025-09-25,1320.0,76.92
2025-09-26,1300.0,71.43
2025-10-03,1400.0,74.58
2025-10-07,1435.0,75.41
2025-10-08,1415.0,74.19
2025-10-09,1440.0,74.6
2025-10-13,1415.0,73.44
2025-10-14,1425.0,74.24
2025-10-15,1465.0,75.0
2025-10-16,1485.0,73.02
2025-10-17,1450.0,65.71
2025-10-20,1480.0,72.22
2025-10-21,1480.0,76.47
2025-10-22,1460.0,71.83
2025-10-23,1450.0,68.12
2025-10-27,1480.0,67.16
2025-10-28,1475.0,62.3
2025-10-29,1505.0,61.67
2025-10-30,1505.0,66.07

[macd]

Date,Close,MACD,Signal,Histogram
2025-03-11,971.0,-28.35,-20.06,-8.29
2025-03-13,965.0,-30.44,-22.92,-7.52
2025-03-14,959.0,-30.55,-22.53,-8.03
2025-03-17,970.0,-33.37,-27.77,-5.6
2025-03-18,971.0,-33.9,-30.15,-3.76
2025-03-19,952.0,-34.63,-31.04,-3.59
2025-03-20,985.0,-32.18,-31.27,-0.91
2025-03-21,972.0,-31.89,-32.55,0.65
2025-03-24,972.0,-26.28,-26.3,0.02
2025-03-25,990.0,-25.31,-28.02,2.71
2025-03-26,980.0,-24.67,-28.51,3.83
2025-03-27,958.0,-25.15,-28.22,3.07
2025-03-28,952.0,-26.09,-28.56,2.47
2025-03-31,910.0,-28.04,-26.92,-1.12
2025-04-01,944.0,-27.95,-27.51,-0.44
2025-04-02,942.0,-26.8,-26.6,-0.2
2025-04-07,848.0,-32.99,-27.11,-5.88
2025-04-08,816.0,-38.62,-27.11,-11.51
2025-04-09,785.0,-48.32,-33.27,-15.05
2025-04-10,863.0,-48.06,-36.56,-11.5
2025-04-11,889.0,-45.0,-38.25,-6.75
2025-04-15,877.0,-42.13,-40.38,-1.75
2025-04-16,855.0,-40.34,-38.84,-1.5
2025-04-18,850.0,-38.52,-37.94,-0.58
2025-04-21,835.0,-37.4,-36.29,-1.11
2025-04-22,816.0,-37.41,-34.98,-2.43
2025-04-23,873.0,-32.24,-32.9,0.65
2025-04-24,864.0,-30.93,-34.04,3.11
2025-04-25,888.0,-25.57,-31.2,5.62
2025-04-30,908.0,-11.07,-21.06,9.99
2025-05-02,950.0,-5.79,-19.31,13.52
2025-05-05,938.0,-0.13,-13.71,13.58
2025-05-06,920.0,2.01,-10.1,12.11
2025-05-08,918.0,3.93,-5.91,9.84
2025-05-09,949.0,8.18,-1.63,9.81
2025-05-12,957.0,8.88,-2.07,10.94
2025-05-14,999.0,17.62,5.07,12.56
2025-05-16,998.0,22.72,10.56,12.15
2025-05-19,984.0,24.76,15.09,9.67
2025-05-20,978.0,24.8,17.5,7.3
2025-05-21,990.0,27.89,22.8,5.09
2025-05-22,982.0,24.86,20.6,4.26
2025-05-23,984.0,24.35,21.51,2.85
2025-05-26,976.0,29.02,30.23,-1.21
2025-05-28,967.0,28.02,33.84,-5.82
2025-05-29,967.0,20.66,25.21,-4.55
2025-06-02,946.0,15.56,21.29,-5.73
2025-06-04,990.0,14.91,19.51,-4.59
2025-06-06,995.0,18.67,21.01,-2.34
2025-06-09,1005.0,19.43,20.46,-1.03
2025-06-10,1045.0,24.12,22.35,1.78
2025-06-11,1065.0,29.54,25.24,4.29
2025-06-12,1045.0,27.12,21.24,5.88
2025-06-13,1030.0,27.41,23.17,4.24
2025-06-16,1025.0,24.88,21.66,3.22
2025-06-17,1045.0,24.94,21.63,3.31
2025-06-18,1055.0,25.66,22.05,3.61
2025-06-19,1035.0,24.23,22.03,2.2
2025-06-20,1055.0,22.03,18.8,3.23
2025-06-24,1050.0,21.68,21.74,-0.06
2025-06-25,1070.0,22.58,21.3,1.29
2025-06-26,1075.0,24.51,22.71,1.81
2025-06-27,1080.0,23.59,20.5,3.09
2025-06-30,1060.0,22.18,20.22,1.96
2025-07-01,1085.0,22.48,19.75,2.72
2025-07-02,1085.0,21.16,17.73,3.43
2025-07-03,1090.0,22.32,19.11,3.21
2025-07-07,1080.0,22.13,20.93,1.2
2025-07-09,1090.0,20.77,20.46,0.3
2025-07-10,1100.0,21.78,21.34,0.44
2025-07-11,1100.0,21.77,21.27,0.49
2025-07-14,1095.0,21.74,21.98,-0.24
2025-07-15,1110.0,22.94,23.02,-0.08
2025-07-16,1130.0,24.48,23.16,1.32
2025-07-17,1130.0,25.52,23.63,1.89
2025-07-18,1155.0,29.4,26.4,3.0
2025-07-21,1150.0,30.3,26.87,3.43
2025-07-22,1130.0,26.69,23.76,2.93
2025-07-23,1145.0,26.42,23.68,2.74
2025-07-24,1145.0,26.54,24.48,2.06
2025-07-25,1145.0,25.52,23.92,1.6
2025-07-28,1145.0,22.38,20.54,1.84
2025-07-29,1135.0,19.76,18.85,0.91
2025-07-30,1155.0,21.46,20.91,0.56
2025-07-31,1160.0,22.83,22.45,0.39
2025-08-01,1140.0,21.55,22.65,-1.1
2025-09-19,1265.0,30.43,22.35,8.08
2025-09-22,1295.0,31.56,23.04,8.52
2025-09-23,1340.0,38.12,27.98,10.14
2025-09-24,1340.0,37.9,25.74,12.16
2025-09-25,1320.0,39.02,28.78,10.24
2025-09-26,1300.0,37.26,30.09,7.17
2025-10-03,1400.0,42.55,35.4,7.15
2025-10-07,1435.0,48.22,37.58,10.64
2025-10-08,1415.0,54.02,44.71,9.32
2025-10-09,1440.0,56.25,45.86,10.39
2025-10-13,1415.0,57.15,49.27,7.88
2025-10-14,1425.0,58.8,52.29,6.51
2025-10-15,1465.0,59.02,50.95,8.08
2025-10-16,1485.0,61.71,52.71,8.99
2025-10-17,1450.0,59.62,52.94,6.67
2025-10-20,1480.0,62.45,57.15,5.3
2025-10-21,1480.0,62.33,58.18,4.14
2025-10-22,1460.0,59.6,58.08,1.52
2025-10-23,1450.0,56.58,58.17,-1.59
2025-10-27,1480.0,55.69,57.67,-1.98
2025-10-28,1475.0,53.96,56.93,-2.97
2025-10-29,1505.0,53.09,54.63,-1.54
2025-10-30,1505.0,52.89,54.28,-1.39

[bollinger]

Date,Close,Middle_Band,Upper_Band,Lower_Band
2025-03-11,971.0,1052.95,1137.58,968.32
2025-03-13,965.0,1040.1,1128.6,951.6
2025-03-14,959.0,1033.55,1125.81,941.29
2025-03-17,970.0,1029.05,1124.6,933.5
2025-03-18,971.0,1023.35,1118.45,928.25
2025-03-19,952.0,1015.95,1108.94,922.96
2025-03-20,985.0,1010.7,1097.76,923.64
2025-03-21,972.0,1005.3,1087.52,923.08
2025-03-24,972.0,999.15,1070.85,927.45
2025-03-25,990.0,994.9,1057.12,932.68
2025-03-26,980.0,991.15,1046.81,935.49
2025-03-27,958.0,986.05,1033.19,938.91
2025-03-28,952.0,981.65,1023.74,939.56
2025-03-31,910.0,976.15,1025.3,927.0
2025-04-01,944.0,973.35,1023.15,923.55
2025-04-02,942.0,969.45,1015.98,922.92
2025-04-07,848.0,961.6,1030.48,892.72
2025-04-08,816.0,952.15,1043.99,860.31
2025-04-09,785.0,941.5,1057.25,825.75
2025-04-10,863.0,936.1,1056.05,816.15
2025-04-11,889.0,931.15,1050.25,812.05
2025-04-15,877.0,922.05,1044.4,799.7
2025-04-16,855.0,916.3,1039.97,792.63
2025-04-18,850.0,905.0,1030.68,779.32
2025-04-21,835.0,897.5,1020.96,774.04
2025-04-22,816.0,889.7,1013.05,766.35
2025-04-23,873.0,884.75,1001.99,767.51
2025-04-24,864.0,878.45,984.92,771.98
2025-04-25,888.0,873.85,969.22,778.48
2025-04-30,908.0,868.2,948.42,787.98
2025-05-02,950.0,868.5,949.95,787.05
2025-05-05,938.0,868.3,949.0,787.6
2025-05-06,920.0,871.9,955.17,788.63
2025-05-08,918.0,884.15,956.02,812.28
2025-05-09,949.0,888.45,965.12,811.78
2025-05-12,957.0,891.85,974.43,809.27
2025-05-14,999.0,903.15,1001.91,804.39
2025-05-16,998.0,917.6,1023.97,811.23
2025-05-19,984.0,924.3,1029.62,818.98
2025-05-20,978.0,931.45,1030.47,832.43
2025-05-21,990.0,940.15,1026.19,854.11
2025-05-22,982.0,945.6,1027.44,863.76
2025-05-23,984.0,951.6,1025.45,877.75
2025-05-26,976.0,956.0,1024.16,887.84
2025-05-28,967.0,962.65,1018.83,906.47
2025-05-29,967.0,965.6,1015.54,915.66
2025-06-02,946.0,965.4,1015.64,915.16
2025-06-04,990.0,969.5,1014.65,924.35
2025-06-06,995.0,976.85,1011.46,942.24
2025-06-09,1005.0,979.65,1013.83,945.47
2025-06-10,1045.0,984.05,1027.39,940.71
2025-06-11,1065.0,988.85,1044.64,933.06
2025-06-12,1045.0,991.15,1052.25,930.05
2025-06-13,1030.0,993.0,1056.52,929.48
2025-06-16,1025.0,994.35,1059.45,929.25
2025-06-17,1045.0,997.4,1066.08,928.72
2025-06-18,1055.0,1001.25,1073.87,928.63
2025-06-19,1035.0,1003.5,1077.43,929.57
2025-06-20,1055.0,1007.15,1083.77,930.53
2025-06-24,1050.0,1012.65,1089.11,936.19
2025-06-25,1070.0,1017.9,1095.01,940.79
2025-06-26,1075.0,1023.3,1100.52,946.08
2025-06-27,1080.0,1028.95,1105.36,952.54
2025-06-30,1060.0,1034.65,1101.4,967.9
2025-07-01,1085.0,1041.4,1098.75,984.05
2025-07-02,1085.0,1046.15,1101.27,991.03
2025-07-03,1090.0,1050.75,1104.29,997.21
2025-07-07,1080.0,1059.0,1102.72,1015.28
2025-07-09,1090.0,1062.0,1108.04,1015.96
2025-07-10,1100.0,1064.75,1113.03,1016.47
2025-07-11,1100.0,1068.25,1116.07,1020.43
2025-07-14,1095.0,1071.75,1116.39,1027.11
2025-07-15,1110.0,1075.0,1120.88,1029.12
2025-07-16,1130.0,1078.75,1129.73,1027.77
2025-07-17,1130.0,1083.5,1135.01,1031.99
2025-07-18,1155.0,1088.5,1147.27,1029.73
2025-07-21,1150.0,1095.0,1150.54,1039.46
2025-07-22,1130.0,1099.0,1152.37,1045.63
2025-07-23,1145.0,1102.75,1158.05,1047.45
2025-07-24,1145.0,1106.25,1162.99,1049.51
2025-07-25,1145.0,1109.5,1167.35,1051.65
2025-07-28,1145.0,1113.75,1168.7,1058.8
2025-07-29,1135.0,1116.25,1170.24,1062.26
2025-07-30,1155.0,1119.75,1174.28,1065.22
2025-07-31,1160.0,1123.25,1178.72,1067.78
2025-08-01,1140.0,1126.0,1178.88,1073.12
2025-08-04,1135.0,1125.75,1178.39,1073.11
2025-08-05,1150.0,1129.25,1178.27,1080.23
2025-08-06,1125.0,1131.5,1174.8,1088.2
2025-08-07,1180.0,1136.0,1179.84,1092.16
2025-08-08,1175.0,1139.75,1183.46,1096.04
2025-08-11,1180.0,1143.75,1186.78,1100.72
2025-08-12,1180.0,1148.0,1187.39,1108.61
2025-08-13,1200.0,1152.5,1194.11,1110.89
2025-08-14,1175.0,1154.75,1196.11,1113.39
2025-08-15,1180.0,1157.25,1198.35,1116.15
2025-08-18,1180.0,1158.5,1200.81,1116.19
2025-08-19,1185.0,1160.25,1203.96,1116.54
2025-08-20,1135.0,1160.5,1203.53,1117.47
2025-08-21,1150.0,1160.75,1203.46,1118.04
2025-08-22,1135.0,1160.25,1203.96,1116.54
2025-08-25,1170.0,1161.5,1204.8,1118.2
2025-08-26,1175.0,1163.0,1205.97,1120.03
2025-08-27,1190.0,1165.75,1208.21,1123.29
2025-08-28,1160.0,1166.0,1208.25,1123.75
2025-08-29,1160.0,1166.0,1208.25,1123.75
2025-09-02,1160.0,1168.0,1206.99,1129.01
2025-09-03,1160.0,1169.75,1203.39,1136.11
2025-09-04,1160.0,1168.75,1202.29,1135.21
2025-09-05,1180.0,1169.0,1202.81,1135.19
2025-09-08,1180.0,1169.0,1202.81,1135.19
2025-09-09,1200.0,1170.0,1206.27,1133.73
2025-09-10,1225.0,1171.25,1213.16,1129.34
2025-09-11,1240.0,1174.5,1226.5,1122.5
2025-09-12,1260.0,1178.5,1243.07,1113.93
2025-09-15,1255.0,1182.25,1255.34,1109.16
2025-09-16,1280.0,1187.0,1272.19,1101.81
2025-09-17,1265.0,1193.5,1281.76,1105.24
2025-09-18,1285.0,1200.25,1294.92,1105.58
2025-09-19,1265.0,1206.75,1300.41,1113.09
2025-09-22,1295.0,1213.0,1312.81,1113.19
2025-09-23,1340.0,1221.25,1334.24,1108.26
2025-09-24,1340.0,1228.75,1352.42,1105.08
2025-09-25,1320.0,1236.75,1362.38,1111.12
2025-09-26,1300.0,1243.75,1366.95,1120.55
2025-09-30,1305.0,1250.75,1370.98,1130.52
2025-10-01,1325.0,1251.75,1374.19,1129.31
2025-10-02,1365.0,1269.25,1385.25,1153.25
2025-10-03,1400.0,1287.25,1395.42,1179.08
2025-10-07,1435.0,1300.0,1414.85,1185.15
2025-10-08,1415.0,1310.75,1426.43,1195.07
2025-10-09,1440.0,1321.5,1443.42,1199.58
2025-10-13,1415.0,1330.25,1452.66,1207.84
2025-10-14,1425.0,1336.5,1465.02,1207.98
2025-10-15,1465.0,1346.75,1482.1,1211.4
2025-10-16,1485.0,1358.25,1499.72,1216.78
2025-10-17,1450.0,1366.75,1508.85,1224.65
2025-10-20,1480.0,1377.5,1519.72,1235.28
2025-10-21,1480.0,1387.25,1529.51,1244.99
2025-10-22,1460.0,1397.0,1530.43,1263.57
2025-10-23,1450.0,1404.75,1531.05,1278.45
2025-10-27,1480.0,1411.75,1538.46,1285.04
2025-10-28,1475.0,1418.5,1543.49,1293.51
2025-10-29,1505.0,1427.75,1549.38,1306.12
2025-10-30,1505.0,1438.0,1548.33,1327.67

請根據上數據來分析 台積電 接下來的可能走勢跟因應狀況，配合當下時空背景跟國際大事等因素做出一些建議跟看法，特別是接下來開盤時的價格區間可能的樂觀悲觀中性百分比為何
